DD1391-104 dunk-low-court-purple-dd1391-104 35 3 3.5 4 4.5 5 5.5 6 6.5 7 7.5 8 8.5 9 9.5 10 10.5 11 11.5 12 12.5 13 13.5 14 14.5 15 15.5 16 16.5 17 17.5 18 18.5 19 19.5 20 
MS327RD 327-vintage-indigo-arctic-grey-ms327rd 34 3.5 4 4.5 5 5.5 6 6.5 7 7.5 8 8.5 9 9.5 10 10.5 11 11.5 12 12.5 13 13.5 14 14.5 15 15.5 16 16.5 17 17.5 18 18.5 19 19.5 20 
DR0471-600 run-flow-ps-pink-foam-dr0471-600 26 10.5 11 11.5 12 12.5 13 13.5 1 1.5 2 2.5 3 3.5 4 4.5 5 5.5 6 6.5 7 7.5 8 8.5 9 9.5 10 
DD9304-007 renew-elevate-3-black-pink-spell-dd9304-007 35 3 3.5 4 4.5 5 5.5 6 6.5 7 7.5 8 8.5 9 9.5 10 10.5 11 11.5 12 12.5 13 13.5 14 14.5 15 15.5 16 16.5 17 17.5 18 18.5 19 19.5 20 
163178C one-star-ox-gore-tex-mc18-163178c 25 3 3.5 4 4.5 5 5.5 6 6.5 7 7.5 8 8.5 9 9.5 10 10.5 11 11.5 12 13 14 15 16 17 18 
BB550STG 550-white-vintage-indigo-bb550stg 34 3.5 4 4.5 5 5.5 6 6.5 7 7.5 8 8.5 9 9.5 10 10.5 11 11.5 12 12.5 13 13.5 14 14.5 15 15.5 16 16.5 17 17.5 18 18.5 19 19.5 20 
160506C chuck-70-ox-flamingo-160506c 25 3 3.5 4 4.5 5 5.5 6 6.5 7 7.5 8 8.5 9 9.5 10 10.5 11 11.5 12 13 14 15 16 17 18 
CQ2943 campus-j-aero-pink-cq2943 26 8 8.5 9 9.5 10 10.5 11 11.5 12 12.5 13 13.5 1 1.5 2 2.5 3 3.5 4 4.5 5 5.5 6 6.5 7 7.5 
VN0A4BV8V3W bmx-sk8-hi-reissue-black-sharp-green-vn0a4bv8v3w 26 2.5 3 3.5 4 4.5 5 5.5 6 6.5 7 7.5 8 8.5 9 9.5 10 10.5 11 11.5 12 13 14 15 16 17 18 
367198-02 ader-error-x-rs-0-black-367198-02 25 4 4.5 5 5.5 6 6.5 7 7.5 8 8.5 9 9.5 10 10.5 11 11.5 12 12.5 13 13.5 14 14.5 15 15.5 16 
369887-02 wmns-cali-velvet-black-369887-02 17 5 5.5 6 6.5 7 7.5 8 8.5 9 9.5 10 10.5 11 11.5 12 12.5 13 
DH0654-200 wmns-air-zoom-terra-kiger-8-velvet-brown-bright-crimson-dh0654-200 28 4 4.5 5 5.5 6 6.5 7 7.5 8 8.5 9 9.5 10 10.5 11 11.5 12 12.5 13 13.5 14 14.5 15 15.5 16 16.5 17 17.5 
AJ6004-010 wmns-air-jordan-1-retro-low-black-python-aj6004-010 24 5 5.5 6 6.5 7 7.5 8 8.5 9 9.5 10 10.5 11 11.5 12 12.5 13 13.5 14 14.5 15 15.5 16 16.5 
VN0A38G2UPG old-skool-36-dx-corduroy-black-vn0a38g2upg 26 2.5 3 3.5 4 4.5 5 5.5 6 6.5 7 7.5 8 8.5 9 9.5 10 10.5 11 11.5 12 13 14 15 16 17 18 
167812C chuck-70-low-archival-stars-print-167812c 25 3 3.5 4 4.5 5 5.5 6 6.5 7 7.5 8 8.5 9 9.5 10 10.5 11 11.5 12 13 14 15 16 17 18 
VN0A38GFUQ1 sk8-hi-dx-dark-grey-white-vn0a38gfuq1 26 2.5 3 3.5 4 4.5 5 5.5 6 6.5 7 7.5 8 8.5 9 9.5 10 10.5 11 11.5 12 13 14 15 16 17 18 
ID9842 campus-2-0-collegiate-burgundy-id9842 30 3 3.5 4 4.5 5 5.5 6 6.5 7 7.5 8 8.5 9 9.5 10 10.5 11 11.5 12 12.5 13 13.5 14 14.5 15 16 17 18 19 20 
1012B045-001 wmns-gt-2000-10-triple-black-1012b045-001 20 5 5.5 6 6.5 7 7.5 8 8.5 9 9.5 10 10.5 11 11.5 12 12.5 13 13.5 14 14.5 
VN0A33TXUQB sk8-hi-mte-pewter-vn0a33txuqb 26 2.5 3 3.5 4 4.5 5 5.5 6 6.5 7 7.5 8 8.5 9 9.5 10 10.5 11 11.5 12 13 14 15 16 17 18 
367810-02 wmns-suede-platform-trace-flowery-367810-02 17 5 5.5 6 6.5 7 7.5 8 8.5 9 9.5 10 10.5 11 11.5 12 12.5 13 
VN0A38G1Q69 old-skool-denim-2-tone-vn0a38g1q69 26 2.5 3 3.5 4 4.5 5 5.5 6 6.5 7 7.5 8 8.5 9 9.5 10 10.5 11 11.5 12 13 14 15 16 17 18 
AGCS024-3 wmns-001-btc-white-deep-green-agcs024-3 23 3.5 4 4.5 5 5.5 6 6.5 7 7.5 8 8.5 9 9.5 10 10.5 11 11.5 12 12.5 13 13.5 14 15 
VN0A38F7H0B slip-on-skulls-vn0a38f7h0b 26 2.5 3 3.5 4 4.5 5 5.5 6 6.5 7 7.5 8 8.5 9 9.5 10 10.5 11 11.5 12 13 14 15 16 17 18 
WS327MT1 wmns-327-light-aluminum-gunmetal-ws327mt1 20 5 5.5 6 6.5 7 7.5 8 8.5 9 9.5 10 10.5 11 11.5 12 12.5 13 13.5 14 15 
3023629-100 wmns-hovr-phantom-2-runanywr-white-beta-3023629-100 23 3.5 4 4.5 5 5.5 6 6.5 7 7.5 8 8.5 9 9.5 10 10.5 11 11.5 12 12.5 13 13.5 14 15 
VN0A54F34SP old-skool-36-dx-anaheim-factory-hotlips-vn0a54f34sp 26 2.5 3 3.5 4 4.5 5 5.5 6 6.5 7 7.5 8 8.5 9 9.5 10 10.5 11 11.5 12 13 14 15 16 17 18 
GV9116 retropy-e5-pride-gv9116 30 3 3.5 4 4.5 5 5.5 6 6.5 7 7.5 8 8.5 9 9.5 10 10.5 11 11.5 12 12.5 13 13.5 14 14.5 15 16 17 18 19 20 
AQ7734-104 jordan-courtside-23-ps-concord-aq7734-104 26 10.5 11 11.5 12 12.5 13 13.5 1 1.5 2 2.5 3 3.5 4 4.5 5 5.5 6 6.5 7 7.5 8 8.5 9 9.5 10 
1011B091-001 gt-2000-8-lite-show-black-blue-1011b091-001 25 4 4.5 5 5.5 6 6.5 7 7.5 8 8.5 9 9.5 10 10.5 11 11.5 12 12.5 13 13.5 14 14.5 15 15.5 16 
A00941C one-star-pro-suede-low-nomad-khaki-a00941c 25 3 3.5 4 4.5 5 5.5 6 6.5 7 7.5 8 8.5 9 9.5 10 10.5 11 11.5 12 13 14 15 16 17 18 
DR9631-180 wmns-jumpman-two-trey-starfish-dr9631-180 24 5 5.5 6 6.5 7 7.5 8 8.5 9 9.5 10 10.5 11 11.5 12 12.5 13 13.5 14 14.5 15 15.5 16 16.5 
CW6595-700 jordan-ma2-ps-university-gold-cw6595-700 26 10.5 11 11.5 12 12.5 13 13.5 1 1.5 2 2.5 3 3.5 4 4.5 5 5.5 6 6.5 7 7.5 8 8.5 9 9.5 10 
VN0A33TB42Y classic-slip-on-checkerboard-ballad-blue-vn0a33tb42y 26 2.5 3 3.5 4 4.5 5 5.5 6 6.5 7 7.5 8 8.5 9 9.5 10 10.5 11 11.5 12 13 14 15 16 17 18 
EG4034 easy-vulc-2-0-tech-indigo-eg4034 30 3 3.5 4 4.5 5 5.5 6 6.5 7 7.5 8 8.5 9 9.5 10 10.5 11 11.5 12 12.5 13 13.5 14 14.5 15 16 17 18 19 20 
382090-01 slipstream-mid-luxe-white-grey-violet-382090-01 25 4 4.5 5 5.5 6 6.5 7 7.5 8 8.5 9 9.5 10 10.5 11 11.5 12 12.5 13 13.5 14 14.5 15 15.5 16 
367355-02 wmns-muse-maia-street-knockout-pink-367355-02 17 5 5.5 6 6.5 7 7.5 8 8.5 9 9.5 10 10.5 11 11.5 12 12.5 13 
BA9281 altaswim-i-blue-ba9281 17 1 2 2.5 3 4 5 5.5 6 6.5 7 7.5 8 8.5 9 9.5 10 10.5 
IE1666 rivalry-low-tr-all-star-wonder-taupe-ie1666 30 3 3.5 4 4.5 5 5.5 6 6.5 7 7.5 8 8.5 9 9.5 10 10.5 11 11.5 12 12.5 13 13.5 14 14.5 15 16 17 18 19 20 
FW8077 wmns-x9000l2-cloud-white-fw8077 24 4 4.5 5 5.5 6 6.5 7 7.5 8 8.5 9 9.5 10 10.5 11 11.5 12 12.5 13 13.5 14 14.5 15 15.5 
B37687 ultraboost-laceless-black-multi-color-b37687 30 3 3.5 4 4.5 5 5.5 6 6.5 7 7.5 8 8.5 9 9.5 10 10.5 11 11.5 12 12.5 13 13.5 14 14.5 15 16 17 18 19 20 
DV1202-010 roshe-golf-next-nature-black-white-dv1202-010 35 3 3.5 4 4.5 5 5.5 6 6.5 7 7.5 8 8.5 9 9.5 10 10.5 11 11.5 12 12.5 13 13.5 14 14.5 15 15.5 16 16.5 17 17.5 18 18.5 19 19.5 20 
195514-05 fusion-nitro-yellow-glow-195514-05 25 4 4.5 5 5.5 6 6.5 7 7.5 8 8.5 9 9.5 10 10.5 11 11.5 12 12.5 13 13.5 14 14.5 15 15.5 16 
381211-01 basket-21-white-gum-381211-01 25 4 4.5 5 5.5 6 6.5 7 7.5 8 8.5 9 9.5 10 10.5 11 11.5 12 12.5 13 13.5 14 14.5 15 15.5 16 
CW6594-700 jordan-ma2-gs-university-gold-cw6594-700 26 10.5 11 11.5 12 12.5 13 13.5 1 1.5 2 2.5 3 3.5 4 4.5 5 5.5 6 6.5 7 7.5 8 8.5 9 9.5 10 
SDL330L2 330-slides-black-white-sdl330l2 34 3.5 4 4.5 5 5.5 6 6.5 7 7.5 8 8.5 9 9.5 10 10.5 11 11.5 12 12.5 13 13.5 14 14.5 15 15.5 16 16.5 17 17.5 18 18.5 19 19.5 20 
378052-02 wmns-court-rider-chaos-slash-royal-sapphire-378052-02 17 5 5.5 6 6.5 7 7.5 8 8.5 9 9.5 10 10.5 11 11.5 12 12.5 13 
107002-01 future-3-4-tt-parisian-night-fizzy-light-107002-01 25 4 4.5 5 5.5 6 6.5 7 7.5 8 8.5 9 9.5 10 10.5 11 11.5 12 12.5 13 13.5 14 14.5 15 15.5 16 
GX2210 gazelle-black-pantone-gum-gx2210 30 3 3.5 4 4.5 5 5.5 6 6.5 7 7.5 8 8.5 9 9.5 10 10.5 11 11.5 12 12.5 13 13.5 14 14.5 15 16 17 18 19 20 
VN0A38GEVPE sk8-hi-deck-club-66-vn08gevpesk8 26 2.5 3 3.5 4 4.5 5 5.5 6 6.5 7 7.5 8 8.5 9 9.5 10 10.5 11 11.5 12 13 14 15 16 17 18 
356753-02 smash-buck-356753-02 25 4 4.5 5 5.5 6 6.5 7 7.5 8 8.5 9 9.5 10 10.5 11 11.5 12 12.5 13 13.5 14 14.5 15 15.5 16 
FX7652 niteball-cream-white-fx7652 30 3 3.5 4 4.5 5 5.5 6 6.5 7 7.5 8 8.5 9 9.5 10 10.5 11 11.5 12 12.5 13 13.5 14 14.5 15 16 17 18 19 20 
WL574LBR wmns-574-light-slate-wl574lbr 20 5 5.5 6 6.5 7 7.5 8 8.5 9 9.5 10 10.5 11 11.5 12 12.5 13 13.5 14 15 
1012A649-250 wmns-gel-kayano-27-haze-1012a649-250 20 5 5.5 6 6.5 7 7.5 8 8.5 9 9.5 10 10.5 11 11.5 12 12.5 13 13.5 14 14.5 
VN0A7Q5EBKA sailor-moon-x-old-skool-overt-comfycush-pretty-guardian-vn0a7q5ebka 26 2.5 3 3.5 4 4.5 5 5.5 6 6.5 7 7.5 8 8.5 9 9.5 10 10.5 11 11.5 12 13 14 15 16 17 18 
366270-01 rihanna-x-fenty-pointy-creeper-patent-black-366270-01 17 5 5.5 6 6.5 7 7.5 8 8.5 9 9.5 10 10.5 11 11.5 12 12.5 13 
FW2040 drop-step-xl-white-gold-metallic-fw2040 30 3 3.5 4 4.5 5 5.5 6 6.5 7 7.5 8 8.5 9 9.5 10 10.5 11 11.5 12 12.5 13 13.5 14 14.5 15 16 17 18 19 20 
387480-02 suede-layers-deep-olive-warm-chestnut-387480-02 25 4 4.5 5 5.5 6 6.5 7 7.5 8 8.5 9 9.5 10 10.5 11 11.5 12 12.5 13 13.5 14 14.5 15 15.5 16 
383148-01 future-rider-displaced-dark-slate-383148-01 25 4 4.5 5 5.5 6 6.5 7 7.5 8 8.5 9 9.5 10 10.5 11 11.5 12 12.5 13 13.5 14 14.5 15 15.5 16 
378418-01 final-fantasy-xiv-x-court-rider-chaos-dark-378418-01 25 4 4.5 5 5.5 6 6.5 7 7.5 8 8.5 9 9.5 10 10.5 11 11.5 12 12.5 13 13.5 14 14.5 15 15.5 16 
WX608WB5 wmns-608v5-white-light-blue-wx608wb5 20 5 5.5 6 6.5 7 7.5 8 8.5 9 9.5 10 10.5 11 11.5 12 12.5 13 13.5 14 15 
3022705-001 atlantic-dune-sandal-black-grey-3022705-001 33 2 2.5 3 3.5 4 4.5 5 5.5 6 6.5 7 7.5 8 8.5 9 9.5 10 10.5 11 11.5 12 12.5 13 13.5 14 14.5 15 15.5 16 16.5 17 17.5 18 
VN0A5AO8420 classic-slip-on-meadow-patchwork-vn0a5ao8420 26 2.5 3 3.5 4 4.5 5 5.5 6 6.5 7 7.5 8 8.5 9 9.5 10 10.5 11 11.5 12 13 14 15 16 17 18 
1011B186-020 gt-2000-10-2e-wide-metropolis-graphite-grey-1011b186-020 25 4 4.5 5 5.5 6 6.5 7 7.5 8 8.5 9 9.5 10 10.5 11 11.5 12 12.5 13 13.5 14 14.5 15 15.5 16 
URC30VC rc30-black-sea-salt-urc30vc 34 3.5 4 4.5 5 5.5 6 6.5 7 7.5 8 8.5 9 9.5 10 10.5 11 11.5 12 12.5 13 13.5 14 14.5 15 15.5 16 16.5 17 17.5 18 18.5 19 19.5 20 
3025652-001 flow-velociti-wind-2-black-white-3025652-001 33 2 2.5 3 3.5 4 4.5 5 5.5 6 6.5 7 7.5 8 8.5 9 9.5 10 10.5 11 11.5 12 12.5 13 13.5 14 14.5 15 15.5 16 16.5 17 17.5 18 
3024450-004 ignite-6-graphic-strap-slide-black-cerise-3024450-004 33 2 2.5 3 3.5 4 4.5 5 5.5 6 6.5 7 7.5 8 8.5 9 9.5 10 10.5 11 11.5 12 12.5 13 13.5 14 14.5 15 15.5 16 16.5 17 17.5 18 
GY4734 futro-mixr-white-gum-gy4734 30 3 3.5 4 4.5 5 5.5 6 6.5 7 7.5 8 8.5 9 9.5 10 10.5 11 11.5 12 12.5 13 13.5 14 14.5 15 16 17 18 19 20 
DM8449-115 react-infinity-pro-2-wide-white-photon-dust-dm8449-115 35 3 3.5 4 4.5 5 5.5 6 6.5 7 7.5 8 8.5 9 9.5 10 10.5 11 11.5 12 12.5 13 13.5 14 14.5 15 15.5 16 16.5 17 17.5 18 18.5 19 19.5 20 
VN0A4U382NA classic-slip-on-confetti-vn0a4u382na 26 2.5 3 3.5 4 4.5 5 5.5 6 6.5 7 7.5 8 8.5 9 9.5 10 10.5 11 11.5 12 13 14 15 16 17 18 
GV6713 atmos-x-forum-84-high-metallic-pack-gv6713 30 3 3.5 4 4.5 5 5.5 6 6.5 7 7.5 8 8.5 9 9.5 10 10.5 11 11.5 12 12.5 13 13.5 14 14.5 15 16 17 18 19 20 
369449-02 rs-x-toys-369449-02 25 4 4.5 5 5.5 6 6.5 7 7.5 8 8.5 9 9.5 10 10.5 11 11.5 12 12.5 13 13.5 14 14.5 15 15.5 16 
3J231C chuck-taylor-all-star-hi-gs-black-3j231c 20 10.5 11 11.5 12 12.5 13 13.5 1 1.5 2 2.5 3 3.5 4 4.5 5 5.5 6 6.5 7 
3023738-101 spawn-3-halo-grey-multi-3023738-101 33 2 2.5 3 3.5 4 4.5 5 5.5 6 6.5 7 7.5 8 8.5 9 9.5 10 10.5 11 11.5 12 12.5 13 13.5 14 14.5 15 15.5 16 16.5 17 17.5 18 
365054-03 fenty-bow-sweet-lavender-365054-03 17 5 5.5 6 6.5 7 7.5 8 8.5 9 9.5 10 10.5 11 11.5 12 12.5 13 
ABPS007-1 wade-dlo-ice-grey-abps007-1 33 2 2.5 3 3.5 4 4.5 5 5.5 6 6.5 7 7.5 8 8.5 9 9.5 10 10.5 11 11.5 12 12.5 13 13.5 14 14.5 15 15.5 16 16.5 17 17.5 18 
158371C one-star-ox-premium-suede-158371c 25 3 3.5 4 4.5 5 5.5 6 6.5 7 7.5 8 8.5 9 9.5 10 10.5 11 11.5 12 13 14 15 16 17 18 
GX2031 zx-5k-boost-altered-blue-gx2031 30 3 3.5 4 4.5 5 5.5 6 6.5 7 7.5 8 8.5 9 9.5 10 10.5 11 11.5 12 12.5 13 13.5 14 14.5 15 16 17 18 19 20 
GX3494 racer-tr21-little-kid-purple-rose-pink-gx3494 26 8 8.5 9 9.5 10 10.5 11 11.5 12 12.5 13 13.5 1 1.5 2 2.5 3 3.5 4 4.5 5 5.5 6 6.5 7 7.5 
GX0758 top-ten-rb-white-orange-gx0758 30 3 3.5 4 4.5 5 5.5 6 6.5 7 7.5 8 8.5 9 9.5 10 10.5 11 11.5 12 12.5 13 13.5 14 14.5 15 16 17 18 19 20 
371931-06 court-legend-low-white-amazon-green-371931-06 25 4 4.5 5 5.5 6 6.5 7 7.5 8 8.5 9 9.5 10 10.5 11 11.5 12 12.5 13 13.5 14 14.5 15 15.5 16 
1201A471-960 japan-s-celebration-of-sport-pack-1201a471-960 25 4 4.5 5 5.5 6 6.5 7 7.5 8 8.5 9 9.5 10 10.5 11 11.5 12 12.5 13 13.5 14 14.5 15 15.5 16 
BY9337 wmns-tubular-doom-sock-core-black-by9337 24 4 4.5 5 5.5 6 6.5 7 7.5 8 8.5 9 9.5 10 10.5 11 11.5 12 12.5 13 13.5 14 14.5 15 15.5 
1011A767-100 gel-kayano-27-white-peacoat-1011a767-100 25 4 4.5 5 5.5 6 6.5 7 7.5 8 8.5 9 9.5 10 10.5 11 11.5 12 12.5 13 13.5 14 14.5 15 15.5 16 
383590-03 rs-z-core-white-harbor-mist-spectra-green-383590-03 25 4 4.5 5 5.5 6 6.5 7 7.5 8 8.5 9 9.5 10 10.5 11 11.5 12 12.5 13 13.5 14 14.5 15 15.5 16 
DH0222-136 wmns-nikecourt-zoom-nxt-white-habanero-red-teal-dh0222-136 28 4 4.5 5 5.5 6 6.5 7 7.5 8 8.5 9 9.5 10 10.5 11 11.5 12 12.5 13 13.5 14 14.5 15 15.5 16 16.5 17 17.5 
CD7069-104 jordan-legacy-312-low-true-blue-cd7069-104 34 3.5 4 4.5 5 5.5 6 6.5 7 7.5 8 8.5 9 9.5 10 10.5 11 11.5 12 12.5 13 13.5 14 14.5 15 15.5 16 16.5 17 17.5 18 18.5 19 19.5 20 
G54875 alphatorsion-cold-rdy-black-signal-orange-g54875 30 3 3.5 4 4.5 5 5.5 6 6.5 7 7.5 8 8.5 9 9.5 10 10.5 11 11.5 12 12.5 13 13.5 14 14.5 15 16 17 18 19 20 
369213-01 wmns-thunder-trailblazer-black-pink-369213-01 17 5 5.5 6 6.5 7 7.5 8 8.5 9 9.5 10 10.5 11 11.5 12 12.5 13 
SUF100TW 100-sandal-white-black-suf100tw 34 3.5 4 4.5 5 5.5 6 6.5 7 7.5 8 8.5 9 9.5 10 10.5 11 11.5 12 12.5 13 13.5 14 14.5 15 15.5 16 16.5 17 17.5 18 18.5 19 19.5 20 
EF0301 advantage-i-white-green-ef0301 17 1 2 2.5 3 4 5 5.5 6 6.5 7 7.5 8 8.5 9 9.5 10 10.5 
770884C chuck-taylor-all-star-superplay-sandal-gs-unicorns-770884c 20 10.5 11 11.5 12 12.5 13 13.5 1 1.5 2 2.5 3 3.5 4 4.5 5 5.5 6 6.5 7 
570273C chuck-70-high-knit-mashup-570273c 25 3 3.5 4 4.5 5 5.5 6 6.5 7 7.5 8 8.5 9 9.5 10 10.5 11 11.5 12 13 14 15 16 17 18 
369400-02 divecat-v2-white-369400-02 25 4 4.5 5 5.5 6 6.5 7 7.5 8 8.5 9 9.5 10 10.5 11 11.5 12 12.5 13 13.5 14 14.5 15 15.5 16 
374837-02 wmns-summercat-white-374837-02 17 5 5.5 6 6.5 7 7.5 8 8.5 9 9.5 10 10.5 11 11.5 12 12.5 13 
CP9446 voloomix-slides-core-black-cp9446 35 3 3.5 4 4.5 5 5.5 6 6.5 7 7.5 8 8.5 9 9.5 10 10.5 11 11.5 12 12.5 13 13.5 14 14.5 15 15.5 16 16.5 17 17.5 18 18.5 19 19.5 20 
GZ6207 adimatic-orange-crystal-white-gz6207 30 3 3.5 4 4.5 5 5.5 6 6.5 7 7.5 8 8.5 9 9.5 10 10.5 11 11.5 12 12.5 13 13.5 14 14.5 15 16 17 18 19 20 
A02767C chuck-70-low-rhubarb-pie-a02767c 25 3 3.5 4 4.5 5 5.5 6 6.5 7 7.5 8 8.5 9 9.5 10 10.5 11 11.5 12 13 14 15 16 17 18 
FV8057 d-rose-1-retro-all-star-fv8057 30 3 3.5 4 4.5 5 5.5 6 6.5 7 7.5 8 8.5 9 9.5 10 10.5 11 11.5 12 12.5 13 13.5 14 14.5 15 16 17 18 19 20 
724882-100 nike-air-max-90-premium-mesh-gs-infrared-724882-100 26 10.5 11 11.5 12 12.5 13 13.5 1 1.5 2 2.5 3 3.5 4 4.5 5 5.5 6 6.5 7 7.5 8 8.5 9 9.5 10 
3023761-602 ansa-fixed-slide-beta-3023761-602 33 2 2.5 3 3.5 4 4.5 5 5.5 6 6.5 7 7.5 8 8.5 9 9.5 10 10.5 11 11.5 12 12.5 13 13.5 14 14.5 15 15.5 16 16.5 17 17.5 18 
A06087C chuck-taylor-all-star-easy-on-low-ps-festival-florals-a06087c 20 10.5 11 11.5 12 12.5 13 13.5 1 1.5 2 2.5 3 3.5 4 4.5 5 5.5 6 6.5 7 
193685-12 lqdcell-method-white-peacoat-193685-12 25 4 4.5 5 5.5 6 6.5 7 7.5 8 8.5 9 9.5 10 10.5 11 11.5 12 12.5 13 13.5 14 14.5 15 15.5 16 
172007C chuck-70-high-sherpa-shadowberry-172007c 25 3 3.5 4 4.5 5 5.5 6 6.5 7 7.5 8 8.5 9 9.5 10 10.5 11 11.5 12 13 14 15 16 17 18 
164555C chuck-70-hi-black-164555c 25 3 3.5 4 4.5 5 5.5 6 6.5 7 7.5 8 8.5 9 9.5 10 10.5 11 11.5 12 13 14 15 16 17 18 
GY8009 spiritain-2000-silver-black-gy8009 30 3 3.5 4 4.5 5 5.5 6 6.5 7 7.5 8 8.5 9 9.5 10 10.5 11 11.5 12 12.5 13 13.5 14 14.5 15 16 17 18 19 20 
GX4366 courtic-white-grey-gx4366 30 3 3.5 4 4.5 5 5.5 6 6.5 7 7.5 8 8.5 9 9.5 10 10.5 11 11.5 12 12.5 13 13.5 14 14.5 15 16 17 18 19 20 
ML574ML2 574-black-ghost-pepper-ml574ml2 34 3.5 4 4.5 5 5.5 6 6.5 7 7.5 8 8.5 9 9.5 10 10.5 11 11.5 12 12.5 13 13.5 14 14.5 15 15.5 16 16.5 17 17.5 18 18.5 19 19.5 20 
FX3836 sl-7600-1988-fx3836 30 3 3.5 4 4.5 5 5.5 6 6.5 7 7.5 8 8.5 9 9.5 10 10.5 11 11.5 12 12.5 13 13.5 14 14.5 15 16 17 18 19 20 
CW3143-006 pg-5-mismatched-multi-cw3143-006 35 3 3.5 4 4.5 5 5.5 6 6.5 7 7.5 8 8.5 9 9.5 10 10.5 11 11.5 12 12.5 13 13.5 14 14.5 15 15.5 16 16.5 17 17.5 18 18.5 19 19.5 20 
165491C foot-patrol-x-chuck-70-hi-natural-165491c 25 3 3.5 4 4.5 5 5.5 6 6.5 7 7.5 8 8.5 9 9.5 10 10.5 11 11.5 12 13 14 15 16 17 18 
M880Q12 fresh-foam-x-880v12-light-aluminum-m880q12 34 3.5 4 4.5 5 5.5 6 6.5 7 7.5 8 8.5 9 9.5 10 10.5 11 11.5 12 12.5 13 13.5 14 14.5 15 15.5 16 16.5 17 17.5 18 18.5 19 19.5 20 
3024434-104 ansa-graphic-slide-pitch-grey-camo-3024434-104 33 2 2.5 3 3.5 4 4.5 5 5.5 6 6.5 7 7.5 8 8.5 9 9.5 10 10.5 11 11.5 12 12.5 13 13.5 14 14.5 15 15.5 16 16.5 17 17.5 18 
388619-01 ami-x-trc-blaze-mid-light-sand-388619-01 25 4 4.5 5 5.5 6 6.5 7 7.5 8 8.5 9 9.5 10 10.5 11 11.5 12 12.5 13 13.5 14 14.5 15 15.5 16 
AA1636-011 air-zoom-structure-laser-orange-aa1636-011 35 3 3.5 4 4.5 5 5.5 6 6.5 7 7.5 8 8.5 9 9.5 10 10.5 11 11.5 12 12.5 13 13.5 14 14.5 15 15.5 16 16.5 17 17.5 18 18.5 19 19.5 20 
167811C chuck-70-low-archival-zebra-print-167811c 25 3 3.5 4 4.5 5 5.5 6 6.5 7 7.5 8 8.5 9 9.5 10 10.5 11 11.5 12 13 14 15 16 17 18 
DH4071-007 air-zoom-pegasus-39-grey-bright-crimson-dh4071-007 35 3 3.5 4 4.5 5 5.5 6 6.5 7 7.5 8 8.5 9 9.5 10 10.5 11 11.5 12 12.5 13 13.5 14 14.5 15 15.5 16 16.5 17 17.5 18 18.5 19 19.5 20 
3026140-002 charged-rogue-3-black-metallic-gold-3026140-002 33 2 2.5 3 3.5 4 4.5 5 5.5 6 6.5 7 7.5 8 8.5 9 9.5 10 10.5 11 11.5 12 12.5 13 13.5 14 14.5 15 15.5 16 16.5 17 17.5 18 
382112-04 softride-slide-white-black-382112-04 25 4 4.5 5 5.5 6 6.5 7 7.5 8 8.5 9 9.5 10 10.5 11 11.5 12 12.5 13 13.5 14 14.5 15 15.5 16 
FY9172 duramo-sl-j-black-camo-fy9172 26 8 8.5 9 9.5 10 10.5 11 11.5 12 12.5 13 13.5 1 1.5 2 2.5 3 3.5 4 4.5 5 5.5 6 6.5 7 7.5 
HP6516 adilette-22-sand-strata-wonder-taupe-hp6516 30 3 3.5 4 4.5 5 5.5 6 6.5 7 7.5 8 8.5 9 9.5 10 10.5 11 11.5 12 12.5 13 13.5 14 14.5 15 16 17 18 19 20 
VN0A4UUK4W9 sk8-low-checkerboard-racing-red-vn0a4uuk4w9 26 2.5 3 3.5 4 4.5 5 5.5 6 6.5 7 7.5 8 8.5 9 9.5 10 10.5 11 11.5 12 13 14 15 16 17 18 
SDL750A2 750-sandal-triple-black-sdl750a2 34 3.5 4 4.5 5 5.5 6 6.5 7 7.5 8 8.5 9 9.5 10 10.5 11 11.5 12 12.5 13 13.5 14 14.5 15 15.5 16 16.5 17 17.5 18 18.5 19 19.5 20 
1011B359-800 gel-nimbus-24-cherry-tomato-1011b359-800 25 4 4.5 5 5.5 6 6.5 7 7.5 8 8.5 9 9.5 10 10.5 11 11.5 12 12.5 13 13.5 14 14.5 15 15.5 16 
IE9730 wmns-alphaboost-v1-off-white-lucid-lemon-ie9730 24 4 4.5 5 5.5 6 6.5 7 7.5 8 8.5 9 9.5 10 10.5 11 11.5 12 12.5 13 13.5 14 14.5 15 15.5 
DR6191-102 nikecourt-air-zoom-vapor-pro-2-hc-white-kelly-green-dr6191-102 35 3 3.5 4 4.5 5 5.5 6 6.5 7 7.5 8 8.5 9 9.5 10 10.5 11 11.5 12 12.5 13 13.5 14 14.5 15 15.5 16 16.5 17 17.5 18 18.5 19 19.5 20 
3024450-002 ignite-6-graphic-strap-slide-black-beta-camo-3024450-002 33 2 2.5 3 3.5 4 4.5 5 5.5 6 6.5 7 7.5 8 8.5 9 9.5 10 10.5 11 11.5 12 12.5 13 13.5 14 14.5 15 15.5 16 16.5 17 17.5 18 
DJ6566-100 zoomx-streakfly-white-flash-crimson-dj6566-100 35 3 3.5 4 4.5 5 5.5 6 6.5 7 7.5 8 8.5 9 9.5 10 10.5 11 11.5 12 12.5 13 13.5 14 14.5 15 15.5 16 16.5 17 17.5 18 18.5 19 19.5 20 
A02229C chuck-taylor-all-star-eva-lift-platform-high-ps-floral-embroidery-a02229c 20 10.5 11 11.5 12 12.5 13 13.5 1 1.5 2 2.5 3 3.5 4 4.5 5 5.5 6 6.5 7 
135514F chuck-taylor-all-star-low-snorkel-blue-135514f 25 3 3.5 4 4.5 5 5.5 6 6.5 7 7.5 8 8.5 9 9.5 10 10.5 11 11.5 12 13 14 15 16 17 18 
388654-01 market-x-trc-blaze-flint-grey-laurel-wreath-388654-01 25 4 4.5 5 5.5 6 6.5 7 7.5 8 8.5 9 9.5 10 10.5 11 11.5 12 12.5 13 13.5 14 14.5 15 15.5 16 
H06568 zx-2k-boost-pure-white-grey-orange-h06568 30 3 3.5 4 4.5 5 5.5 6 6.5 7 7.5 8 8.5 9 9.5 10 10.5 11 11.5 12 12.5 13 13.5 14 14.5 15 16 17 18 19 20 
GX2157 forum-luxe-low-cloud-white-grey-gx2157 30 3 3.5 4 4.5 5 5.5 6 6.5 7 7.5 8 8.5 9 9.5 10 10.5 11 11.5 12 12.5 13 13.5 14 14.5 15 16 17 18 19 20 
VN0A4U38WT8 classic-slip-on-ouroboros-vn0a4u38wt8 26 2.5 3 3.5 4 4.5 5 5.5 6 6.5 7 7.5 8 8.5 9 9.5 10 10.5 11 11.5 12 13 14 15 16 17 18 
386485-01 joshua-vides-x-trc-blaze-hoop-dreams-386485-01 25 4 4.5 5 5.5 6 6.5 7 7.5 8 8.5 9 9.5 10 10.5 11 11.5 12 12.5 13 13.5 14 14.5 15 15.5 16 
3024155-105 wmns-hovr-phantom-2-intelliknit-white-3024155-105 23 3.5 4 4.5 5 5.5 6 6.5 7 7.5 8 8.5 9 9.5 10 10.5 11 11.5 12 12.5 13 13.5 14 15 
MS327PG 327-primary-pack-yellow-ms327pg 34 3.5 4 4.5 5 5.5 6 6.5 7 7.5 8 8.5 9 9.5 10 10.5 11 11.5 12 12.5 13 13.5 14 14.5 15 15.5 16 16.5 17 17.5 18 18.5 19 19.5 20 
HR1394 runfalcon-2-0-little-kid-black-beam-yellow-hr1394 26 8 8.5 9 9.5 10 10.5 11 11.5 12 12.5 13 13.5 1 1.5 2 2.5 3 3.5 4 4.5 5 5.5 6 6.5 7 7.5 
1144A207-400 pokemon-x-idaho-mini-ps-greninja-1144a207-400 21 10 10.5 11 11.5 12 12.5 13 13.5 1 1.5 2 2.5 3 3.5 4 4.5 5 5.5 6 6.5 7 
1144A193-200 pokemon-x-idaho-baby-eevee-1144a193-200 6 4 5 6 7 8 9 
VN0A3WMA1RU sixty-sixers-x-comfycush-old-skool-skull-print-white-vn0a3wma1ru 26 2.5 3 3.5 4 4.5 5 5.5 6 6.5 7 7.5 8 8.5 9 9.5 10 10.5 11 11.5 12 13 14 15 16 17 18 
VN0A7TNM448 sailor-moon-x-wmns-classic-slip-on-comfycush-pretty-guardian-vn0a7tnm448 26 2.5 3 3.5 4 4.5 5 5.5 6 6.5 7 7.5 8 8.5 9 9.5 10 10.5 11 11.5 12 13 14 15 16 17 18 
EG5463 wmns-x_plr-s-purple-tint-eg5463 24 4 4.5 5 5.5 6 6.5 7 7.5 8 8.5 9 9.5 10 10.5 11 11.5 12 12.5 13 13.5 14 14.5 15 15.5 
WL373OSP wmns-373-off-white-wl373osp 20 5 5.5 6 6.5 7 7.5 8 8.5 9 9.5 10 10.5 11 11.5 12 12.5 13 13.5 14 15 
VN000W4NDI0 authentic-golden-coast-vn-0w4ndi0 26 2.5 3 3.5 4 4.5 5 5.5 6 6.5 7 7.5 8 8.5 9 9.5 10 10.5 11 11.5 12 13 14 15 16 17 18 
3025526-102 wmns-charged-rogue-3-white-opal-green-3025526-102 23 3.5 4 4.5 5 5.5 6 6.5 7 7.5 8 8.5 9 9.5 10 10.5 11 11.5 12 12.5 13 13.5 14 15 
371195-02 wmns-deva-chic-white-371195-02 17 5 5.5 6 6.5 7 7.5 8 8.5 9 9.5 10 10.5 11 11.5 12 12.5 13 
DJ7926-200 react-pegasus-trail-4-gore-tex-diffused-taupe-picante-red-dj7926-200 35 3 3.5 4 4.5 5 5.5 6 6.5 7 7.5 8 8.5 9 9.5 10 10.5 11 11.5 12 12.5 13 13.5 14 14.5 15 15.5 16 16.5 17 17.5 18 18.5 19 19.5 20 
391962-02 clyde-og-for-all-time-red-391962-02 25 4 4.5 5 5.5 6 6.5 7 7.5 8 8.5 9 9.5 10 10.5 11 11.5 12 12.5 13 13.5 14 14.5 15 15.5 16 
MRCELLT3 fuelcell-supercomp-elite-v3-teal-mrcellt3 34 3.5 4 4.5 5 5.5 6 6.5 7 7.5 8 8.5 9 9.5 10 10.5 11 11.5 12 12.5 13 13.5 14 14.5 15 15.5 16 16.5 17 17.5 18 18.5 19 19.5 20 
VN0A5KX4AWC authentic-44-dx-anaheim-factory-mix-checkerboard-vn0a5kx4awc 26 2.5 3 3.5 4 4.5 5 5.5 6 6.5 7 7.5 8 8.5 9 9.5 10 10.5 11 11.5 12 13 14 15 16 17 18 
169400C chuck-taylor-all-star-winter-leather-high-dark-moss-169400c 25 3 3.5 4 4.5 5 5.5 6 6.5 7 7.5 8 8.5 9 9.5 10 10.5 11 11.5 12 13 14 15 16 17 18 
CQ2042 wmns-everyn-footwear-white-cq2042 24 4 4.5 5 5.5 6 6.5 7 7.5 8 8.5 9 9.5 10 10.5 11 11.5 12 12.5 13 13.5 14 14.5 15 15.5 
DR2695-400 run-swift-3-ashen-slate-dr2695-400 35 3 3.5 4 4.5 5 5.5 6 6.5 7 7.5 8 8.5 9 9.5 10 10.5 11 11.5 12 12.5 13 13.5 14 14.5 15 15.5 16 16.5 17 17.5 18 18.5 19 19.5 20 
377388-02 rj-barrett-x-rise-nitro-knicks-377388-02 25 4 4.5 5 5.5 6 6.5 7 7.5 8 8.5 9 9.5 10 10.5 11 11.5 12 12.5 13 13.5 14 14.5 15 15.5 16 
DV5458-600 court-borough-low-recraft-td-black-university-red-dv5458-600 25 1 2 2.5 3 3.5 4 4.5 5 5.5 6 6.5 7 7.5 8 8.5 9 9.5 10 10.5 11 11.5 12 12.5 13 13.5 
GZ4673 kaptir-2-0-j-carbon-black-gz4673 26 8 8.5 9 9.5 10 10.5 11 11.5 12 12.5 13 13.5 1 1.5 2 2.5 3 3.5 4 4.5 5 5.5 6 6.5 7 7.5 
3026029-100 wmns-ignite-7-graphic-footbed-slide-grey-mist-floral-3026029-100 23 3.5 4 4.5 5 5.5 6 6.5 7 7.5 8 8.5 9 9.5 10 10.5 11 11.5 12 12.5 13 13.5 14 15 
169373C chuck-70-high-workwear-quilting-sail-blue-169373c 25 3 3.5 4 4.5 5 5.5 6 6.5 7 7.5 8 8.5 9 9.5 10 10.5 11 11.5 12 13 14 15 16 17 18 
G27304 rapidarun-j-white-hi-res-coral-g27304 26 8 8.5 9 9.5 10 10.5 11 11.5 12 12.5 13 13.5 1 1.5 2 2.5 3 3.5 4 4.5 5 5.5 6 6.5 7 7.5 
362341-01 rihanna-x-puma-suede-creepers-orange-camo-362341-01 17 5 5.5 6 6.5 7 7.5 8 8.5 9 9.5 10 10.5 11 11.5 12 12.5 13 
MMORGG4 fresh-foam-x-more-v4-black-phantom-mmorgg4 34 3.5 4 4.5 5 5.5 6 6.5 7 7.5 8 8.5 9 9.5 10 10.5 11 11.5 12 12.5 13 13.5 14 14.5 15 15.5 16 16.5 17 17.5 18 18.5 19 19.5 20 
GZ6336 forum-mid-white-equipment-green-gz6336 30 3 3.5 4 4.5 5 5.5 6 6.5 7 7.5 8 8.5 9 9.5 10 10.5 11 11.5 12 12.5 13 13.5 14 14.5 15 16 17 18 19 20 
1201A688-001 gel-sonoma-15-50-black-1201a688-001 25 4 4.5 5 5.5 6 6.5 7 7.5 8 8.5 9 9.5 10 10.5 11 11.5 12 12.5 13 13.5 14 14.5 15 15.5 16 
3025051-103 alpha-slide-phosphor-green-3025051-103 33 2 2.5 3 3.5 4 4.5 5 5.5 6 6.5 7 7.5 8 8.5 9 9.5 10 10.5 11 11.5 12 12.5 13 13.5 14 14.5 15 15.5 16 16.5 17 17.5 18 
VN0A54F29GI authentic-44-dx-anaheim-factory-leopard-vn0a54f29gi 26 2.5 3 3.5 4 4.5 5 5.5 6 6.5 7 7.5 8 8.5 9 9.5 10 10.5 11 11.5 12 13 14 15 16 17 18 
HQ5962 stella-mccartney-x-solarglide-triple-black-hq5962 30 3 3.5 4 4.5 5 5.5 6 6.5 7 7.5 8 8.5 9 9.5 10 10.5 11 11.5 12 12.5 13 13.5 14 14.5 15 16 17 18 19 20 
EF1182 wmns-alphaboost-white-linen-ef1182 24 4 4.5 5 5.5 6 6.5 7 7.5 8 8.5 9 9.5 10 10.5 11 11.5 12 12.5 13 13.5 14 14.5 15 15.5 
819666-109 air-jordan-12-retro-toddler-vivid-pink-819666-109 25 1 2 2.5 3 3.5 4 4.5 5 5.5 6 6.5 7 7.5 8 8.5 9 9.5 10 10.5 11 11.5 12 12.5 13 13.5 
1144A207-750 pokemon-x-idaho-mini-ps-pikachu-1144a207-750 21 10 10.5 11 11.5 12 12.5 13 13.5 1 1.5 2 2.5 3 3.5 4 4.5 5 5.5 6 6.5 7 
3022050-500 hovr-havoc-2-purple-orange-3022050-500 33 2 2.5 3 3.5 4 4.5 5 5.5 6 6.5 7 7.5 8 8.5 9 9.5 10 10.5 11 11.5 12 12.5 13 13.5 14 14.5 15 15.5 16 16.5 17 17.5 18 
DO9327-005 wmns-metcon-8-grey-medium-soft-pink-do9327-005 28 4 4.5 5 5.5 6 6.5 7 7.5 8 8.5 9 9.5 10 10.5 11 11.5 12 12.5 13 13.5 14 14.5 15 15.5 16 16.5 17 17.5 
S24146 niteball-crew-navy-s24146 30 3 3.5 4 4.5 5 5.5 6 6.5 7 7.5 8 8.5 9 9.5 10 10.5 11 11.5 12 12.5 13 13.5 14 14.5 15 16 17 18 19 20 
VN0A5FBM2TZ style-36-retro-sport-marshmallow-kombu-green-vn0a5fbm2tz 26 2.5 3 3.5 4 4.5 5 5.5 6 6.5 7 7.5 8 8.5 9 9.5 10 10.5 11 11.5 12 13 14 15 16 17 18 
A01594C wmns-chuck-taylor-all-star-high-floral-print-egret-a01594c 25 5 5.5 6 6.5 7 7.5 8 8.5 9 9.5 10 10.5 11 11.5 12 12.5 13 13.5 14 15 16 17 18 19 20 
374925-02 ralph-sampson-mid-pop-white-peacoat-374925-02 25 4 4.5 5 5.5 6 6.5 7 7.5 8 8.5 9 9.5 10 10.5 11 11.5 12 12.5 13 13.5 14 14.5 15 15.5 16 
383396-02 suede-spraycan-black-383396-02 25 4 4.5 5 5.5 6 6.5 7 7.5 8 8.5 9 9.5 10 10.5 11 11.5 12 12.5 13 13.5 14 14.5 15 15.5 16 
MFCXCP3 fuelcell-rebel-v3-cosmic-pineapple-neon-dragonfly-mfcxcp3 34 3.5 4 4.5 5 5.5 6 6.5 7 7.5 8 8.5 9 9.5 10 10.5 11 11.5 12 12.5 13 13.5 14 14.5 15 15.5 16 16.5 17 17.5 18 18.5 19 19.5 20 
1144A207-200 pokemon-x-idaho-mini-ps-eevee-1144a207-200 21 10 10.5 11 11.5 12 12.5 13 13.5 1 1.5 2 2.5 3 3.5 4 4.5 5 5.5 6 6.5 7 
1144A207-800 ipokemon-x-idaho-mini-ps-charizard-1144a207-800 21 10 10.5 11 11.5 12 12.5 13 13.5 1 1.5 2 2.5 3 3.5 4 4.5 5 5.5 6 6.5 7 
372395-02 ralph-sampson-low-perf-soft-white-plein-air-372395-02 25 4 4.5 5 5.5 6 6.5 7 7.5 8 8.5 9 9.5 10 10.5 11 11.5 12 12.5 13 13.5 14 14.5 15 15.5 16 
ML574SPZ 574-navy-denim-ml574spz 34 3.5 4 4.5 5 5.5 6 6.5 7 7.5 8 8.5 9 9.5 10 10.5 11 11.5 12 12.5 13 13.5 14 14.5 15 15.5 16 16.5 17 17.5 18 18.5 19 19.5 20 
3025942-701 project-rock-4-heritage-3025942-701 33 2 2.5 3 3.5 4 4.5 5 5.5 6 6.5 7 7.5 8 8.5 9 9.5 10 10.5 11 11.5 12 12.5 13 13.5 14 14.5 15 15.5 16 16.5 17 17.5 18 
GX1916 continental-80-stripes-white-pink-gx1916 30 3 3.5 4 4.5 5 5.5 6 6.5 7 7.5 8 8.5 9 9.5 10 10.5 11 11.5 12 12.5 13 13.5 14 14.5 15 16 17 18 19 20 
DV1678-002 air-vapormax-2023-flyknit-pure-platinum-dv1678-002 35 3 3.5 4 4.5 5 5.5 6 6.5 7 7.5 8 8.5 9 9.5 10 10.5 11 11.5 12 12.5 13 13.5 14 14.5 15 15.5 16 16.5 17 17.5 18 18.5 19 19.5 20 
DQ8648-001 lebron-20-ps-trinity-dq8648-001 6 11 12 13 1 2 3 
GV7978 wmns-swift-run-22-magic-mauve-gv7978 24 4 4.5 5 5.5 6 6.5 7 7.5 8 8.5 9 9.5 10 10.5 11 11.5 12 12.5 13 13.5 14 14.5 15 15.5 
1201A170-108 lyte-classic-white-aizuri-blue-1201a170-108 25 4 4.5 5 5.5 6 6.5 7 7.5 8 8.5 9 9.5 10 10.5 11 11.5 12 12.5 13 13.5 14 14.5 15 15.5 16 
VN0A5HYQ1KP slip-on-sf-checkerboard-black-marshmallow-gum-vn0a5hyq1kp 26 2.5 3 3.5 4 4.5 5 5.5 6 6.5 7 7.5 8 8.5 9 9.5 10 10.5 11 11.5 12 13 14 15 16 17 18 
VN0A4U391UK era-olive-oil-vn0a4u391uk 26 2.5 3 3.5 4 4.5 5 5.5 6 6.5 7 7.5 8 8.5 9 9.5 10 10.5 11 11.5 12 13 14 15 16 17 18 
VN0A38FRT5Z led-zeppelin-x-authentic-50th-anniversary-led-auth 26 2.5 3 3.5 4 4.5 5 5.5 6 6.5 7 7.5 8 8.5 9 9.5 10 10.5 11 11.5 12 13 14 15 16 17 18 
165717C chuck-taylor-all-star-low-pride-pattern-165717c 25 3 3.5 4 4.5 5 5.5 6 6.5 7 7.5 8 8.5 9 9.5 10 10.5 11 11.5 12 13 14 15 16 17 18 
383379-03 wmns-suede-mayu-summer-anise-flower-383379-03 9 5 6 7 8 9 10 11 12 13 
375635-01 felipe-pantone-x-mirage-mox-tech-iridescent-black-375635-01 25 4 4.5 5 5.5 6 6.5 7 7.5 8 8.5 9 9.5 10 10.5 11 11.5 12 12.5 13 13.5 14 14.5 15 15.5 16 
S42545 wmns-supernova-black-white-s42545 24 4 4.5 5 5.5 6 6.5 7 7.5 8 8.5 9 9.5 10 10.5 11 11.5 12 12.5 13 13.5 14 14.5 15 15.5 
553422C wmns-chuck-taylor-all-star-brea-high-reflective-black-553422c 25 5 5.5 6 6.5 7 7.5 8 8.5 9 9.5 10 10.5 11 11.5 12 12.5 13 13.5 14 15 16 17 18 19 20 
571186C wmns-chuck-taylor-all-star-dainty-mule-twilight-pulse-571186c 25 5 5.5 6 6.5 7 7.5 8 8.5 9 9.5 10 10.5 11 11.5 12 12.5 13 13.5 14 15 16 17 18 19 20 
CD5082-601 pg-4-hot-sauce-cd5082-601 35 3 3.5 4 4.5 5 5.5 6 6.5 7 7.5 8 8.5 9 9.5 10 10.5 11 11.5 12 12.5 13 13.5 14 14.5 15 15.5 16 16.5 17 17.5 18 18.5 19 19.5 20 
FW4562 ownthegame-black-matte-gold-fw4562 30 3 3.5 4 4.5 5 5.5 6 6.5 7 7.5 8 8.5 9 9.5 10 10.5 11 11.5 12 12.5 13 13.5 14 14.5 15 16 17 18 19 20 
554724-059 air-jordan-1-mid-pink-shadow-554724-059 34 3.5 4 4.5 5 5.5 6 6.5 7 7.5 8 8.5 9 9.5 10 10.5 11 11.5 12 12.5 13 13.5 14 14.5 15 15.5 16 16.5 17 17.5 18 18.5 19 19.5 20 
CT2405-606 air-zoom-rival-fly-3-pink-spell-ct2405-606 35 3 3.5 4 4.5 5 5.5 6 6.5 7 7.5 8 8.5 9 9.5 10 10.5 11 11.5 12 12.5 13 13.5 14 14.5 15 15.5 16 16.5 17 17.5 18 18.5 19 19.5 20 
171921C run-star-hike-high-summer-spirit-sesame-171921c 25 3 3.5 4 4.5 5 5.5 6 6.5 7 7.5 8 8.5 9 9.5 10 10.5 11 11.5 12 13 14 15 16 17 18 
H02978 wmns-multix-halo-blush-h02978 24 4 4.5 5 5.5 6 6.5 7 7.5 8 8.5 9 9.5 10 10.5 11 11.5 12 12.5 13 13.5 14 14.5 15 15.5 
VN0A5KXDBZW sk8-low-contrast-black-white-vn0a5kxdbzw 26 2.5 3 3.5 4 4.5 5 5.5 6 6.5 7 7.5 8 8.5 9 9.5 10 10.5 11 11.5 12 13 14 15 16 17 18 
GX5459 ultraboost-22-cloud-white-gx5459 30 3 3.5 4 4.5 5 5.5 6 6.5 7 7.5 8 8.5 9 9.5 10 10.5 11 11.5 12 12.5 13 13.5 14 14.5 15 16 17 18 19 20 
310806-114 air-jordan-10-retro-bg-chicago-2016-310806-114 26 10.5 11 11.5 12 12.5 13 13.5 1 1.5 2 2.5 3 3.5 4 4.5 5 5.5 6 6.5 7 7.5 8 8.5 9 9.5 10 
GZ7279 wmns-ozweego-celox-talc-signal-green-gz7279 24 4 4.5 5 5.5 6 6.5 7 7.5 8 8.5 9 9.5 10 10.5 11 11.5 12 12.5 13 13.5 14 14.5 15 15.5 
EF2013 climacool-vent-summer-rdy-sky-tint-ef2013 30 3 3.5 4 4.5 5 5.5 6 6.5 7 7.5 8 8.5 9 9.5 10 10.5 11 11.5 12 12.5 13 13.5 14 14.5 15 16 17 18 19 20 
GW0388 summer-closed-toe-water-sandal-i-white-black-gw0388 17 1 2 2.5 3 4 5 5.5 6 6.5 7 7.5 8 8.5 9 9.5 10 10.5 
374927-02 ralph-sampson-lo-joker-white-carrot-374927-02 25 4 4.5 5 5.5 6 6.5 7 7.5 8 8.5 9 9.5 10 10.5 11 11.5 12 12.5 13 13.5 14 14.5 15 15.5 16 
384615-02 wmns-karmen-leather-white-black-384615-02 17 5 5.5 6 6.5 7 7.5 8 8.5 9 9.5 10 10.5 11 11.5 12 12.5 13 
GY6433 campus-00s-bark-gy6433 30 3 3.5 4 4.5 5 5.5 6 6.5 7 7.5 8 8.5 9 9.5 10 10.5 11 11.5 12 12.5 13 13.5 14 14.5 15 16 17 18 19 20 
GZ1875 ny-90-j-white-blue-rush-gz1875 26 8 8.5 9 9.5 10 10.5 11 11.5 12 12.5 13 13.5 1 1.5 2 2.5 3 3.5 4 4.5 5 5.5 6 6.5 7 7.5 
S24136 top-ten-high-white-team-orange-s24136 30 3 3.5 4 4.5 5 5.5 6 6.5 7 7.5 8 8.5 9 9.5 10 10.5 11 11.5 12 12.5 13 13.5 14 14.5 15 16 17 18 19 20 
HR1416 top-ten-rb-j-white-hi-res-green-hr1416 26 8 8.5 9 9.5 10 10.5 11 11.5 12 12.5 13 13.5 1 1.5 2 2.5 3 3.5 4 4.5 5 5.5 6 6.5 7 7.5 
S24135 top-ten-high-white-active-purple-s24135 30 3 3.5 4 4.5 5 5.5 6 6.5 7 7.5 8 8.5 9 9.5 10 10.5 11 11.5 12 12.5 13 13.5 14 14.5 15 16 17 18 19 20 
1144A193-400 pokemon-x-idaho-baby-greninja-1144a193-400 6 4 5 6 7 8 9 
1144A193-750 pokemon-x-idaho-baby-pikachu-1144a193-750 6 4 5 6 7 8 9 
1144A193-800 pokemon-x-idaho-baby-charizard-1144a193-800 6 4 5 6 7 8 9 
VN0A7Q5NB9P sailor-moon-x-wmns-sk8-hi-pretty-guardian-black-pink-vn0a7q5nb9p 26 2.5 3 3.5 4 4.5 5 5.5 6 6.5 7 7.5 8 8.5 9 9.5 10 10.5 11 11.5 12 13 14 15 16 17 18 
382699-01 caven-better-white-recycled-sole-382699-01 25 4 4.5 5 5.5 6 6.5 7 7.5 8 8.5 9 9.5 10 10.5 11 11.5 12 12.5 13 13.5 14 14.5 15 15.5 16 
385850-01 wmns-carina-2-0-tape-white-385850-01 17 5 5.5 6 6.5 7 7.5 8 8.5 9 9.5 10 10.5 11 11.5 12 12.5 13 
305381-043 air-jordan-8-retro-phoenix-suns-305381-043 34 3.5 4 4.5 5 5.5 6 6.5 7 7.5 8 8.5 9 9.5 10 10.5 11 11.5 12 12.5 13 13.5 14 14.5 15 15.5 16 16.5 17 17.5 18 18.5 19 19.5 20 
3024968-100 flow-futr-x-white-black-3024968-100 33 2 2.5 3 3.5 4 4.5 5 5.5 6 6.5 7 7.5 8 8.5 9 9.5 10 10.5 11 11.5 12 12.5 13 13.5 14 14.5 15 15.5 16 16.5 17 17.5 18 
194835-01 kyle-kuzma-x-rhude-x-clyde-all-pro-low-194835-01 25 4 4.5 5 5.5 6 6.5 7 7.5 8 8.5 9 9.5 10 10.5 11 11.5 12 12.5 13 13.5 14 14.5 15 15.5 16 
169246C chuck-70-high-warm-at-heart-gold-dart-169246c 25 3 3.5 4 4.5 5 5.5 6 6.5 7 7.5 8 8.5 9 9.5 10 10.5 11 11.5 12 13 14 15 16 17 18 
310805-024 air-jordan-10-retro-shanghai-310805-024 34 3.5 4 4.5 5 5.5 6 6.5 7 7.5 8 8.5 9 9.5 10 10.5 11 11.5 12 12.5 13 13.5 14 14.5 15 15.5 16 16.5 17 17.5 18 18.5 19 19.5 20 
DH9522-102 waffle-debut-light-stone-matte-olive-dh9522-102 35 3 3.5 4 4.5 5 5.5 6 6.5 7 7.5 8 8.5 9 9.5 10 10.5 11 11.5 12 12.5 13 13.5 14 14.5 15 15.5 16 16.5 17 17.5 18 18.5 19 19.5 20 
1191A253-410 vivienne-westwood-x-hyper-gel-lyte-colorful-cyan-1191a253-410 25 4 4.5 5 5.5 6 6.5 7 7.5 8 8.5 9 9.5 10 10.5 11 11.5 12 12.5 13 13.5 14 14.5 15 15.5 16 
VN0A4P3XWW6 porter-yoshida-co-x-og-old-skool-lx-green-floral-checkerboard-vn0a4p3xww6 26 2.5 3 3.5 4 4.5 5 5.5 6 6.5 7 7.5 8 8.5 9 9.5 10 10.5 11 11.5 12 13 14 15 16 17 18 
1144A152-101 corsair-mini-sl-2-ps-white-directoire-blue-1144a152-101 21 10 10.5 11 11.5 12 12.5 13 13.5 1 1.5 2 2.5 3 3.5 4 4.5 5 5.5 6 6.5 7 
310805-100 air-jordan-10-retro-chicago-2012-310805-100 34 3.5 4 4.5 5 5.5 6 6.5 7 7.5 8 8.5 9 9.5 10 10.5 11 11.5 12 12.5 13 13.5 14 14.5 15 15.5 16 16.5 17 17.5 18 18.5 19 19.5 20 
FV3124 pulseboost-hd-guard-red-fv3124 30 3 3.5 4 4.5 5 5.5 6 6.5 7 7.5 8 8.5 9 9.5 10 10.5 11 11.5 12 12.5 13 13.5 14 14.5 15 16 17 18 19 20 
G57972 d-o-n-issue-2-little-kids-determination-over-negativity-g57972 26 8 8.5 9 9.5 10 10.5 11 11.5 12 12.5 13 13.5 1 1.5 2 2.5 3 3.5 4 4.5 5 5.5 6 6.5 7 7.5 
414571-010 air-jordan-13-retro-2013-release-414571-010 34 3.5 4 4.5 5 5.5 6 6.5 7 7.5 8 8.5 9 9.5 10 10.5 11 11.5 12 12.5 13 13.5 14 14.5 15 15.5 16 16.5 17 17.5 18 18.5 19 19.5 20 
FV9907 yeezy-slides-kids-earth-brown-fv9907 13 8 9 10 11 12 13 1 2 3 4 5 6 7 
DX7992-100 zoomx-dragonfly-white-total-orange-dx7992-100 35 3 3.5 4 4.5 5 5.5 6 6.5 7 7.5 8 8.5 9 9.5 10 10.5 11 11.5 12 12.5 13 13.5 14 14.5 15 15.5 16 16.5 17 17.5 18 18.5 19 19.5 20 
GX6678 adizero-avanti-tyo-dash-grey-beam-orange-gx6678 30 3 3.5 4 4.5 5 5.5 6 6.5 7 7.5 8 8.5 9 9.5 10 10.5 11 11.5 12 12.5 13 13.5 14 14.5 15 16 17 18 19 20 
GX0442 ozweego-celox-core-black-white-gx0442 30 3 3.5 4 4.5 5 5.5 6 6.5 7 7.5 8 8.5 9 9.5 10 10.5 11 11.5 12 12.5 13 13.5 14 14.5 15 16 17 18 19 20 
CD2601-006 wmns-air-jordan-reign-grey-cd2601-006 24 5 5.5 6 6.5 7 7.5 8 8.5 9 9.5 10 10.5 11 11.5 12 12.5 13 13.5 14 14.5 15 15.5 16 16.5 
A05015C run-star-legacy-cx-high-black-ultraviolet-a05015c 25 3 3.5 4 4.5 5 5.5 6 6.5 7 7.5 8 8.5 9 9.5 10 10.5 11 11.5 12 13 14 15 16 17 18 
388553-01 ca-pro-retro-sum-white-deep-aqua-388553-01 25 4 4.5 5 5.5 6 6.5 7 7.5 8 8.5 9 9.5 10 10.5 11 11.5 12 12.5 13 13.5 14 14.5 15 15.5 16 
W108012W wmns-fresh-foam-x-1080v12-white-arctic-fox-w108012w 20 5 5.5 6 6.5 7 7.5 8 8.5 9 9.5 10 10.5 11 11.5 12 12.5 13 13.5 14 15 
ARHR125-9 shadow-essential-frost-grey-orange-arhr125-9 33 2 2.5 3 3.5 4 4.5 5 5.5 6 6.5 7 7.5 8 8.5 9 9.5 10 10.5 11 11.5 12 12.5 13 13.5 14 14.5 15 15.5 16 16.5 17 17.5 18 
M801AT m801-m801at 34 3.5 4 4.5 5 5.5 6 6.5 7 7.5 8 8.5 9 9.5 10 10.5 11 11.5 12 12.5 13 13.5 14 14.5 15 15.5 16 16.5 17 17.5 18 18.5 19 19.5 20 
VN0A4BT7Y28 ave-pro-black-white-vn0a4bt7y28 26 2.5 3 3.5 4 4.5 5 5.5 6 6.5 7 7.5 8 8.5 9 9.5 10 10.5 11 11.5 12 13 14 15 16 17 18 
CG7127 yung-1-grey-royal-cg7127 30 3 3.5 4 4.5 5 5.5 6 6.5 7 7.5 8 8.5 9 9.5 10 10.5 11 11.5 12 12.5 13 13.5 14 14.5 15 16 17 18 19 20 
DX6051-101 air-zoom-crossover-gs-playful-graphics-dx6051-101 26 10.5 11 11.5 12 12.5 13 13.5 1 1.5 2 2.5 3 3.5 4 4.5 5 5.5 6 6.5 7 7.5 8 8.5 9 9.5 10 
FX5320 originals-flex-j-grey-screaming-pink-fx5320 26 8 8.5 9 9.5 10 10.5 11 11.5 12 12.5 13 13.5 1 1.5 2 2.5 3 3.5 4 4.5 5 5.5 6 6.5 7 7.5 
EF7143 wmns-drop-step-white-copper-metallic-ef7143 24 4 4.5 5 5.5 6 6.5 7 7.5 8 8.5 9 9.5 10 10.5 11 11.5 12 12.5 13 13.5 14 14.5 15 15.5 
GY0918 4uture-sport-ac-k-black-rich-red-gy0918 26 8 8.5 9 9.5 10 10.5 11 11.5 12 12.5 13 13.5 1 1.5 2 2.5 3 3.5 4 4.5 5 5.5 6 6.5 7 7.5 
ARMR006-8 wmns-feidian-discovery-white-heron-blue-armr006-8 23 3.5 4 4.5 5 5.5 6 6.5 7 7.5 8 8.5 9 9.5 10 10.5 11 11.5 12 12.5 13 13.5 14 15 
VN0A54F64YS se-bikes-x-style-36-blocks-flyer-white-reflective-vn0a54f64ys 26 2.5 3 3.5 4 4.5 5 5.5 6 6.5 7 7.5 8 8.5 9 9.5 10 10.5 11 11.5 12 13 14 15 16 17 18 
372318-01 future-rider-sandal-black-372318-01 25 4 4.5 5 5.5 6 6.5 7 7.5 8 8.5 9 9.5 10 10.5 11 11.5 12 12.5 13 13.5 14 14.5 15 15.5 16 
DC3431-500 wmns-nikecourt-vapor-lite-light-thistle-dc3431-500 28 4 4.5 5 5.5 6 6.5 7 7.5 8 8.5 9 9.5 10 10.5 11 11.5 12 12.5 13 13.5 14 14.5 15 15.5 16 16.5 17 17.5 
365772-02 rihanna-x-fenty-fur-slide-orchid-bloom-365772-02 17 5 5.5 6 6.5 7 7.5 8 8.5 9 9.5 10 10.5 11 11.5 12 12.5 13 
CZ8482-007 tiempo-legend-9-elite-fg-black-metallic-gold-cz8482-007 35 3 3.5 4 4.5 5 5.5 6 6.5 7 7.5 8 8.5 9 9.5 10 10.5 11 11.5 12 12.5 13 13.5 14 14.5 15 15.5 16 16.5 17 17.5 18 18.5 19 19.5 20 
382044-13 city-rider-multi-382044-13 25 4 4.5 5 5.5 6 6.5 7 7.5 8 8.5 9 9.5 10 10.5 11 11.5 12 12.5 13 13.5 14 14.5 15 15.5 16 
DM0829-103 air-max-alpha-trainer-5-white-bright-mandarin-dm0829-103 35 3 3.5 4 4.5 5 5.5 6 6.5 7 7.5 8 8.5 9 9.5 10 10.5 11 11.5 12 12.5 13 13.5 14 14.5 15 15.5 16 16.5 17 17.5 18 18.5 19 19.5 20 
AGCR039-3 ln-universe-sand-grey-blue-agcr039-3 33 2 2.5 3 3.5 4 4.5 5 5.5 6 6.5 7 7.5 8 8.5 9 9.5 10 10.5 11 11.5 12 12.5 13 13.5 14 14.5 15 15.5 16 16.5 17 17.5 18 
DV5695-101 wmns-air-max-interlock-lite-white-lapis-dv5695-101 28 4 4.5 5 5.5 6 6.5 7 7.5 8 8.5 9 9.5 10 10.5 11 11.5 12 12.5 13 13.5 14 14.5 15 15.5 16 16.5 17 17.5 
GZ3442 tensaur-run-2-0-cf-k-triple-white-gz3442 26 8 8.5 9 9.5 10 10.5 11 11.5 12 12.5 13 13.5 1 1.5 2 2.5 3 3.5 4 4.5 5 5.5 6 6.5 7 7.5 
ABAP105-6 way-of-wade-all-city-7-white-pink-abap105-6 33 2 2.5 3 3.5 4 4.5 5 5.5 6 6.5 7 7.5 8 8.5 9 9.5 10 10.5 11 11.5 12 12.5 13 13.5 14 14.5 15 15.5 16 16.5 17 17.5 18 
VN0A3WKT4G6 old-skool-shale-green-vn0a3wkt4g6 26 2.5 3 3.5 4 4.5 5 5.5 6 6.5 7 7.5 8 8.5 9 9.5 10 10.5 11 11.5 12 13 14 15 16 17 18 
VN000VH0IPD asher-kids-checkerboard-vn000vh0ipd 20 10.5 11 11.5 12 12.5 13 13.5 1 1.5 2 2.5 3 3.5 4 4.5 5 5.5 6 6.5 7 
162347C chuck-taylor-all-star-hi-gore-tex-gore-tex-print-162347c 25 3 3.5 4 4.5 5 5.5 6 6.5 7 7.5 8 8.5 9 9.5 10 10.5 11 11.5 12 13 14 15 16 17 18 
G28701 beat-the-heat-x-rapidaflex-el-j-black-white-g28701 26 8 8.5 9 9.5 10 10.5 11 11.5 12 12.5 13 13.5 1 1.5 2 2.5 3 3.5 4 4.5 5 5.5 6 6.5 7 7.5 
VN0A32QG4UB sk8-hi-retro-mart-vn0a32qg4ub 26 2.5 3 3.5 4 4.5 5 5.5 6 6.5 7 7.5 8 8.5 9 9.5 10 10.5 11 11.5 12 13 14 15 16 17 18 
382657-02 suede-vintage-wtformstrip-intense-red-sweet-grape-382657-02 25 4 4.5 5 5.5 6 6.5 7 7.5 8 8.5 9 9.5 10 10.5 11 11.5 12 12.5 13 13.5 14 14.5 15 15.5 16 
GW8613 y-3-ajatu-run-black-bliss-gw8613 30 3 3.5 4 4.5 5 5.5 6 6.5 7 7.5 8 8.5 9 9.5 10 10.5 11 11.5 12 12.5 13 13.5 14 14.5 15 16 17 18 19 20 
832822-805 air-jordan-9-low-bright-mango-832822-805 34 3.5 4 4.5 5 5.5 6 6.5 7 7.5 8 8.5 9 9.5 10 10.5 11 11.5 12 12.5 13 13.5 14 14.5 15 15.5 16 16.5 17 17.5 18 18.5 19 19.5 20 
1051A064-101 sky-elite-ff-2-low-white-pure-silver-1051a064-101 25 4 4.5 5 5.5 6 6.5 7 7.5 8 8.5 9 9.5 10 10.5 11 11.5 12 12.5 13 13.5 14 14.5 15 15.5 16 
GY8630 harden-stepback-3-black-white-gy8630 30 3 3.5 4 4.5 5 5.5 6 6.5 7 7.5 8 8.5 9 9.5 10 10.5 11 11.5 12 12.5 13 13.5 14 14.5 15 16 17 18 19 20 
EF7387 pharrell-x-billionaire-boys-club-x-nmd-human-race-trail-blue-plaid-ef7387 30 3 3.5 4 4.5 5 5.5 6 6.5 7 7.5 8 8.5 9 9.5 10 10.5 11 11.5 12 12.5 13 13.5 14 14.5 15 16 17 18 19 20 
DH4638-001 air-max-pre-day-bred-dh4638-001 35 3 3.5 4 4.5 5 5.5 6 6.5 7 7.5 8 8.5 9 9.5 10 10.5 11 11.5 12 12.5 13 13.5 14 14.5 15 15.5 16 16.5 17 17.5 18 18.5 19 19.5 20 
414571-101 air-jordan-13-retro-cherry-2010-sample-414571-101-s 34 3.5 4 4.5 5 5.5 6 6.5 7 7.5 8 8.5 9 9.5 10 10.5 11 11.5 12 12.5 13 13.5 14 14.5 15 15.5 16 16.5 17 17.5 18 18.5 19 19.5 20 
ML610TAC 610-aluminum-black-ml610tac 34 3.5 4 4.5 5 5.5 6 6.5 7 7.5 8 8.5 9 9.5 10 10.5 11 11.5 12 12.5 13 13.5 14 14.5 15 15.5 16 16.5 17 17.5 18 18.5 19 19.5 20 
3026053-600 curry-2-retro-gs-northern-lights-2022-3026053-600 26 10.5 11 11.5 12 12.5 13 13.5 1 1.5 2 2.5 3 3.5 4 4.5 5 5.5 6 6.5 7 7.5 8 8.5 9 9.5 10 
MSX90CNY x-90-chinese-new-year-msx90cny 34 3.5 4 4.5 5 5.5 6 6.5 7 7.5 8 8.5 9 9.5 10 10.5 11 11.5 12 12.5 13 13.5 14 14.5 15 15.5 16 16.5 17 17.5 18 18.5 19 19.5 20 
DO8863-660 wmns-jordan-sophia-slide-light-soft-pink-do8863-660 24 5 5.5 6 6.5 7 7.5 8 8.5 9 9.5 10 10.5 11 11.5 12 12.5 13 13.5 14 14.5 15 15.5 16 16.5 
192958-01 lqdcell-origin-drone-night-192958-01 25 4 4.5 5 5.5 6 6.5 7 7.5 8 8.5 9 9.5 10 10.5 11 11.5 12 12.5 13 13.5 14 14.5 15 15.5 16 
332148-405 air-jordan-1-retro-high-gg-fierce-purple-332148-405 26 10.5 11 11.5 12 12.5 13 13.5 1 1.5 2 2.5 3 3.5 4 4.5 5 5.5 6 6.5 7 7.5 8 8.5 9 9.5 10 
DQ4068-100 air-max-pre-day-obsidian-light-bone-dq4068-100 35 3 3.5 4 4.5 5 5.5 6 6.5 7 7.5 8 8.5 9 9.5 10 10.5 11 11.5 12 12.5 13 13.5 14 14.5 15 15.5 16 16.5 17 17.5 18 18.5 19 19.5 20 
DB9953-201 wmns-lahar-low-fossil-stone-black-db9953-201 28 4 4.5 5 5.5 6 6.5 7 7.5 8 8.5 9 9.5 10 10.5 11 11.5 12 12.5 13 13.5 14 14.5 15 15.5 16 16.5 17 17.5 
1041A330-101 gel-resolution-9-white-restful-teal-1041a330-101 25 4 4.5 5 5.5 6 6.5 7 7.5 8 8.5 9 9.5 10 10.5 11 11.5 12 12.5 13 13.5 14 14.5 15 15.5 16 
1042A220-102 wmns-court-ff-3-white-soothing-sea-1042a220-102 20 5 5.5 6 6.5 7 7.5 8 8.5 9 9.5 10 10.5 11 11.5 12 12.5 13 13.5 14 14.5 
343738-200 dynamo-free-ps-medium-ash-canyon-rust-343738-200 26 10.5 11 11.5 12 12.5 13 13.5 1 1.5 2 2.5 3 3.5 4 4.5 5 5.5 6 6.5 7 7.5 8 8.5 9 9.5 10 
MTCRGLW2 fresh-foam-crag-v2-white-chromatic-yellow-mtcrglw2 34 3.5 4 4.5 5 5.5 6 6.5 7 7.5 8 8.5 9 9.5 10 10.5 11 11.5 12 12.5 13 13.5 14 14.5 15 15.5 16 16.5 17 17.5 18 18.5 19 19.5 20 
GZ0626 questar-white-black-red-gz0626 30 3 3.5 4 4.5 5 5.5 6 6.5 7 7.5 8 8.5 9 9.5 10 10.5 11 11.5 12 12.5 13 13.5 14 14.5 15 16 17 18 19 20 
1192A148-100 wmns-japan-s-speed-red-1192a148100 20 5 5.5 6 6.5 7 7.5 8 8.5 9 9.5 10 10.5 11 11.5 12 12.5 13 13.5 14 14.5 
1202A120-201 wmns-gel-nandi-birch-1202a120-201 20 5 5.5 6 6.5 7 7.5 8 8.5 9 9.5 10 10.5 11 11.5 12 12.5 13 13.5 14 14.5 
1201A176-001 gel-nandi-black-1201a176-001 25 4 4.5 5 5.5 6 6.5 7 7.5 8 8.5 9 9.5 10 10.5 11 11.5 12 12.5 13 13.5 14 14.5 15 15.5 16 
1203A045-100 wmns-japan-s-chinese-new-year-year-of-the-ox-1203a045-100 20 5 5.5 6 6.5 7 7.5 8 8.5 9 9.5 10 10.5 11 11.5 12 12.5 13 13.5 14 14.5 
1011B040-008 gel-contend-7-black-electric-red-1011b040-008 25 4 4.5 5 5.5 6 6.5 7 7.5 8 8.5 9 9.5 10 10.5 11 11.5 12 12.5 13 13.5 14 14.5 15 15.5 16 
1202A045-020 wmns-gel-mc-plus-sheet-rock-digital-grape-1202a045-020 20 5 5.5 6 6.5 7 7.5 8 8.5 9 9.5 10 10.5 11 11.5 12 12.5 13 13.5 14 14.5 
3024142-600 wmns-shadow-white-pink-3024142-600 23 3.5 4 4.5 5 5.5 6 6.5 7 7.5 8 8.5 9 9.5 10 10.5 11 11.5 12 12.5 13 13.5 14 15 
VN0A5HYRB6R style-36-decon-hawaiian-jungle-vn0a5hyrb6r 26 2.5 3 3.5 4 4.5 5 5.5 6 6.5 7 7.5 8 8.5 9 9.5 10 10.5 11 11.5 12 13 14 15 16 17 18 
VN0A38G1VKP old-skool-woven-check-spanish-villa-vn0a38g1vkp 26 2.5 3 3.5 4 4.5 5 5.5 6 6.5 7 7.5 8 8.5 9 9.5 10 10.5 11 11.5 12 13 14 15 16 17 18 
VN0A4U3BWV8 old-skool-solar-floral-true-blue-vn0a4u3bwv8 26 2.5 3 3.5 4 4.5 5 5.5 6 6.5 7 7.5 8 8.5 9 9.5 10 10.5 11 11.5 12 13 14 15 16 17 18 
VN0A38EMRX8 authentic-checker-flame-vn0a38emrx8 26 2.5 3 3.5 4 4.5 5 5.5 6 6.5 7 7.5 8 8.5 9 9.5 10 10.5 11 11.5 12 13 14 15 16 17 18 
VN0A2Z5ITHN authentic-washed-multi-checker-vn0a2z5ithn 26 2.5 3 3.5 4 4.5 5 5.5 6 6.5 7 7.5 8 8.5 9 9.5 10 10.5 11 11.5 12 13 14 15 16 17 18 
VN0A3TLC187 wmns-ward-platform-black-white-vn0a3tlc187 15 4 4.5 5 5.5 6 6.5 7 7.5 8 8.5 9 9.5 10 10.5 11 
150152C chuck-taylor-all-star-2-low-sodalite-blue-150152c 25 3 3.5 4 4.5 5 5.5 6 6.5 7 7.5 8 8.5 9 9.5 10 10.5 11 11.5 12 13 14 15 16 17 18 
150145C converse-chuck-taylor-2-hi-150145c 25 3 3.5 4 4.5 5 5.5 6 6.5 7 7.5 8 8.5 9 9.5 10 10.5 11 11.5 12 13 14 15 16 17 18 
263806C just-don-x-erx-260-mid-gs-metal-red-263806c 20 10.5 11 11.5 12 12.5 13 13.5 1 1.5 2 2.5 3 3.5 4 4.5 5 5.5 6 6.5 7 
163367C chuck-70-hi-sedona-red-163367c 25 3 3.5 4 4.5 5 5.5 6 6.5 7 7.5 8 8.5 9 9.5 10 10.5 11 11.5 12 13 14 15 16 17 18 
162384C chuck-taylor-all-star-high-dark-burgundy-162384c 25 3 3.5 4 4.5 5 5.5 6 6.5 7 7.5 8 8.5 9 9.5 10 10.5 11 11.5 12 13 14 15 16 17 18 
571376C wmns-chuck-taylor-all-star-high-hybrid-shine-gradient-blue-571376c 25 5 5.5 6 6.5 7 7.5 8 8.5 9 9.5 10 10.5 11 11.5 12 12.5 13 13.5 14 15 16 17 18 19 20 
172957C chuck-70-vintage-canvas-low-pink-aura-172957c 25 3 3.5 4 4.5 5 5.5 6 6.5 7 7.5 8 8.5 9 9.5 10 10.5 11 11.5 12 13 14 15 16 17 18 
169371C chuck-70-high-red-purple-169371c 25 3 3.5 4 4.5 5 5.5 6 6.5 7 7.5 8 8.5 9 9.5 10 10.5 11 11.5 12 13 14 15 16 17 18 
165965C chuck-70-high-archive-print-sulfur-zebra-165965c 25 3 3.5 4 4.5 5 5.5 6 6.5 7 7.5 8 8.5 9 9.5 10 10.5 11 11.5 12 13 14 15 16 17 18 
167854C pro-leather-low-sunblocked-sage-blue-167854c 25 3 3.5 4 4.5 5 5.5 6 6.5 7 7.5 8 8.5 9 9.5 10 10.5 11 11.5 12 13 14 15 16 17 18 
386925-01 rebound-layup-little-kid-speckled-high-risk-red-386925-01 18 10.5 11 12 13 13.5 1 1.5 2 2.5 3 3.5 4 4.5 5 5.5 6 6.5 7 
383401-01 slipstream-lo-white-grey-violet-383401-01 25 4 4.5 5 5.5 6 6.5 7 7.5 8 8.5 9 9.5 10 10.5 11 11.5 12 12.5 13 13.5 14 14.5 15 15.5 16 
371683-07 ralph-sampson-demi-og-white-high-risk-red-371683-07 25 4 4.5 5 5.5 6 6.5 7 7.5 8 8.5 9 9.5 10 10.5 11 11.5 12 12.5 13 13.5 14 14.5 15 15.5 16 
306766-03 scuderia-ferrari-x-roma-white-green-306766-03 25 4 4.5 5 5.5 6 6.5 7 7.5 8 8.5 9 9.5 10 10.5 11 11.5 12 12.5 13 13.5 14 14.5 15 15.5 16 
B41792 pharrell-x-tennis-hu-cloud-white-b41792 30 3 3.5 4 4.5 5 5.5 6 6.5 7 7.5 8 8.5 9 9.5 10 10.5 11 11.5 12 12.5 13 13.5 14 14.5 15 16 17 18 19 20 
CI3803-100 wmns-quest-2-white-ci3803-100 28 4 4.5 5 5.5 6 6.5 7 7.5 8 8.5 9 9.5 10 10.5 11 11.5 12 12.5 13 13.5 14 14.5 15 15.5 16 16.5 17 17.5 
EG8063 rivalry-low-core-black-eg8063 30 3 3.5 4 4.5 5 5.5 6 6.5 7 7.5 8 8.5 9 9.5 10 10.5 11 11.5 12 12.5 13 13.5 14 14.5 15 16 17 18 19 20 
FB9504-200 zoom-freak-4-ep-letter-bros-coral-fb9504-200 35 3 3.5 4 4.5 5 5.5 6 6.5 7 7.5 8 8.5 9 9.5 10 10.5 11 11.5 12 12.5 13 13.5 14 14.5 15 15.5 16 16.5 17 17.5 18 18.5 19 19.5 20 
EE3654 boston-super-r1-core-black-ee3654 30 3 3.5 4 4.5 5 5.5 6 6.5 7 7.5 8 8.5 9 9.5 10 10.5 11 11.5 12 12.5 13 13.5 14 14.5 15 16 17 18 19 20 
CD3003-102 jordan-why-not-zer0-3-la-born-cd3003-102 34 3.5 4 4.5 5 5.5 6 6.5 7 7.5 8 8.5 9 9.5 10 10.5 11 11.5 12 12.5 13 13.5 14 14.5 15 15.5 16 16.5 17 17.5 18 18.5 19 19.5 20 
VN0A38GF4UK sk8-hi-38-dx-anaheim-factory-white-red-vn0a38gf4uk 26 2.5 3 3.5 4 4.5 5 5.5 6 6.5 7 7.5 8 8.5 9 9.5 10 10.5 11 11.5 12 13 14 15 16 17 18 
IG4783 wmns-x_plrphase-blue-dawn-black-ig4783 24 4 4.5 5 5.5 6 6.5 7 7.5 8 8.5 9 9.5 10 10.5 11 11.5 12 12.5 13 13.5 14 14.5 15 15.5 
167696C chuck-70-high-scripted-signature-print-white-egret-167696c 25 3 3.5 4 4.5 5 5.5 6 6.5 7 7.5 8 8.5 9 9.5 10 10.5 11 11.5 12 13 14 15 16 17 18 
VN0A54F1QW7 era-allover-logo-black-white-vn0a54f1qw7 26 2.5 3 3.5 4 4.5 5 5.5 6 6.5 7 7.5 8 8.5 9 9.5 10 10.5 11 11.5 12 13 14 15 16 17 18 
162415C chuck-taylor-all-star-pc-boot-high-black-162415c 25 3 3.5 4 4.5 5 5.5 6 6.5 7 7.5 8 8.5 9 9.5 10 10.5 11 11.5 12 13 14 15 16 17 18 
VN0A4U3CWKU wmns-sk8-hi-i-heart-vn0a4u3cwku 15 4 4.5 5 5.5 6 6.5 7 7.5 8 8.5 9 9.5 10 10.5 11 
AH8110-100 jordan-ultra-fly-2-low-ah8110-100 34 3.5 4 4.5 5 5.5 6 6.5 7 7.5 8 8.5 9 9.5 10 10.5 11 11.5 12 12.5 13 13.5 14 14.5 15 15.5 16 16.5 17 17.5 18 18.5 19 19.5 20 
FY8568 grand-court-base-white-crew-navy-fy8568 30 3 3.5 4 4.5 5 5.5 6 6.5 7 7.5 8 8.5 9 9.5 10 10.5 11 11.5 12 12.5 13 13.5 14 14.5 15 16 17 18 19 20 
570787C wmns-chuck-70-high-citron-pulse-570787c 25 5 5.5 6 6.5 7 7.5 8 8.5 9 9.5 10 10.5 11 11.5 12 12.5 13 13.5 14 15 16 17 18 19 20 
HQ1802 vl-court-grey-black-gum-hq1802 30 3 3.5 4 4.5 5 5.5 6 6.5 7 7.5 8 8.5 9 9.5 10 10.5 11 11.5 12 12.5 13 13.5 14 14.5 15 16 17 18 19 20 
VN0A3DQ52UE sk8-hi-46-mte-dx-paracord-canteen-vn0a3dq52ue 26 2.5 3 3.5 4 4.5 5 5.5 6 6.5 7 7.5 8 8.5 9 9.5 10 10.5 11 11.5 12 13 14 15 16 17 18 
CK2504-100 jordan-mars-270-low-gs-pure-money-ck2504-100 26 10.5 11 11.5 12 12.5 13 13.5 1 1.5 2 2.5 3 3.5 4 4.5 5 5.5 6 6.5 7 7.5 8 8.5 9 9.5 10 
H04508 4d-fusio-cloud-white-pink-h04508 30 3 3.5 4 4.5 5 5.5 6 6.5 7 7.5 8 8.5 9 9.5 10 10.5 11 11.5 12 12.5 13 13.5 14 14.5 15 16 17 18 19 20 
GX4584 usa-84-legacy-ink-almond-yellow-gx4584 30 3 3.5 4 4.5 5 5.5 6 6.5 7 7.5 8 8.5 9 9.5 10 10.5 11 11.5 12 12.5 13 13.5 14 14.5 15 16 17 18 19 20 
376451-01 triple-mid-high-risk-red-black-376451-01 25 4 4.5 5 5.5 6 6.5 7 7.5 8 8.5 9 9.5 10 10.5 11 11.5 12 12.5 13 13.5 14 14.5 15 15.5 16 
387645-01 wmns-cassia-distressed-black-team-gold-387645-01 17 5 5.5 6 6.5 7 7.5 8 8.5 9 9.5 10 10.5 11 11.5 12 12.5 13 
ML574TD2 574-white-green-ml574td2 34 3.5 4 4.5 5 5.5 6 6.5 7 7.5 8 8.5 9 9.5 10 10.5 11 11.5 12 12.5 13 13.5 14 14.5 15 15.5 16 16.5 17 17.5 18 18.5 19 19.5 20 
FY6034 duramo-sl-slides-collegiate-navy-fy6034 30 3 3.5 4 4.5 5 5.5 6 6.5 7 7.5 8 8.5 9 9.5 10 10.5 11 11.5 12 12.5 13 13.5 14 14.5 15 16 17 18 19 20 
VN0A3WKTXVV old-skool-waterfall-vn0a3wktxvv 26 2.5 3 3.5 4 4.5 5 5.5 6 6.5 7 7.5 8 8.5 9 9.5 10 10.5 11 11.5 12 13 14 15 16 17 18 
A02578C chuck-70-mule-blue-khaki-a02578c 25 3 3.5 4 4.5 5 5.5 6 6.5 7 7.5 8 8.5 9 9.5 10 10.5 11 11.5 12 13 14 15 16 17 18 
385595-02 wmns-suede-mayu-slip-on-canvas-white-marshmallow-385595-02 17 5 5.5 6 6.5 7 7.5 8 8.5 9 9.5 10 10.5 11 11.5 12 12.5 13 
FX9239 pro-boost-gca-low-solar-gold-orange-fx9239 30 3 3.5 4 4.5 5 5.5 6 6.5 7 7.5 8 8.5 9 9.5 10 10.5 11 11.5 12 12.5 13 13.5 14 14.5 15 16 17 18 19 20 
1073A062-100 gel-tactic-white-rose-gold-1073a062-100 25 4 4.5 5 5.5 6 6.5 7 7.5 8 8.5 9 9.5 10 10.5 11 11.5 12 12.5 13 13.5 14 14.5 15 15.5 16 
167055C chuck-70-e260-high-black-laser-orange-167055c 25 3 3.5 4 4.5 5 5.5 6 6.5 7 7.5 8 8.5 9 9.5 10 10.5 11 11.5 12 13 14 15 16 17 18 
376640-12 triple-basketball-knicks-376640-12 25 4 4.5 5 5.5 6 6.5 7 7.5 8 8.5 9 9.5 10 10.5 11 11.5 12 12.5 13 13.5 14 14.5 15 15.5 16 
163344C chuck-70-hi-gore-tex-enamel-red-163344c 25 3 3.5 4 4.5 5 5.5 6 6.5 7 7.5 8 8.5 9 9.5 10 10.5 11 11.5 12 13 14 15 16 17 18 
381902-02 wild-rider-winter-balsam-green-381902-02 25 4 4.5 5 5.5 6 6.5 7 7.5 8 8.5 9 9.5 10 10.5 11 11.5 12 12.5 13 13.5 14 14.5 15 15.5 16 
373020-06 x-ray-2-square-mid-wtr-black-silver-373020-06 25 4 4.5 5 5.5 6 6.5 7 7.5 8 8.5 9 9.5 10 10.5 11 11.5 12 12.5 13 13.5 14 14.5 15 15.5 16 
M5740BAP bape-x-57-40-grey-m5740bap 34 3.5 4 4.5 5 5.5 6 6.5 7 7.5 8 8.5 9 9.5 10 10.5 11 11.5 12 12.5 13 13.5 14 14.5 15 15.5 16 16.5 17 17.5 18 18.5 19 19.5 20 
GZ7201 eqt93-sandal-tech-khaki-gz7201 30 3 3.5 4 4.5 5 5.5 6 6.5 7 7.5 8 8.5 9 9.5 10 10.5 11 11.5 12 12.5 13 13.5 14 14.5 15 16 17 18 19 20 
HQ7005 forum-84-high-black-off-white-hq7005 30 3 3.5 4 4.5 5 5.5 6 6.5 7 7.5 8 8.5 9 9.5 10 10.5 11 11.5 12 12.5 13 13.5 14 14.5 15 16 17 18 19 20 
VN0A54F44TW liberty-fabrics-x-old-skool-tapered-patchwork-floral-multi-vn0a54f44tw 26 2.5 3 3.5 4 4.5 5 5.5 6 6.5 7 7.5 8 8.5 9 9.5 10 10.5 11 11.5 12 13 14 15 16 17 18 
1012A899-400 wmns-hyper-speed-french-blue-black-1012a899-400 20 5 5.5 6 6.5 7 7.5 8 8.5 9 9.5 10 10.5 11 11.5 12 12.5 13 13.5 14 14.5 
ML574HMJ 574-black-plaid-ml574hmj 34 3.5 4 4.5 5 5.5 6 6.5 7 7.5 8 8.5 9 9.5 10 10.5 11 11.5 12 12.5 13 13.5 14 14.5 15 15.5 16 16.5 17 17.5 18 18.5 19 19.5 20 
VN0A4BVB2T2 og-sk8-hi-lx-multi-vn0a4bvb2t2 26 2.5 3 3.5 4 4.5 5 5.5 6 6.5 7 7.5 8 8.5 9 9.5 10 10.5 11 11.5 12 13 14 15 16 17 18 
3024912-106 charged-escape-3-big-logo-white-3024912-106 33 2 2.5 3 3.5 4 4.5 5 5.5 6 6.5 7 7.5 8 8.5 9 9.5 10 10.5 11 11.5 12 12.5 13 13.5 14 14.5 15 15.5 16 16.5 17 17.5 18 
VN0A5FBM2TX style-36-retro-sport-black-amaranthus-purple-vn0a5fbm2tx 26 2.5 3 3.5 4 4.5 5 5.5 6 6.5 7 7.5 8 8.5 9 9.5 10 10.5 11 11.5 12 13 14 15 16 17 18 
VN0A4BV4T2V save-our-planet-x-era-world-map-vn0a4bv4t2v 26 2.5 3 3.5 4 4.5 5 5.5 6 6.5 7 7.5 8 8.5 9 9.5 10 10.5 11 11.5 12 13 14 15 16 17 18 
VN0004KT1WX classic-slip-on-mule-black-vn0004kt1wx 26 2.5 3 3.5 4 4.5 5 5.5 6 6.5 7 7.5 8 8.5 9 9.5 10 10.5 11 11.5 12 13 14 15 16 17 18 
VN0A5FBM2U1 style-36-swirl-vn0a5fbm2u1 26 2.5 3 3.5 4 4.5 5 5.5 6 6.5 7 7.5 8 8.5 9 9.5 10 10.5 11 11.5 12 13 14 15 16 17 18 
390681-02 ca-pro-leather-glitch-white-black-390681-02 25 4 4.5 5 5.5 6 6.5 7 7.5 8 8.5 9 9.5 10 10.5 11 11.5 12 12.5 13 13.5 14 14.5 15 15.5 16 
FX7840 climacool-vento-glow-pink-fx7840 30 3 3.5 4 4.5 5 5.5 6 6.5 7 7.5 8 8.5 9 9.5 10 10.5 11 11.5 12 12.5 13 13.5 14 14.5 15 16 17 18 19 20 
EF5988 continental-80-sky-tint-ef5988 30 3 3.5 4 4.5 5 5.5 6 6.5 7 7.5 8 8.5 9 9.5 10 10.5 11 11.5 12 12.5 13 13.5 14 14.5 15 16 17 18 19 20 
DR9631-600 wmns-jumpman-two-trey-bordeaux-dr9631-600 24 5 5.5 6 6.5 7 7.5 8 8.5 9 9.5 10 10.5 11 11.5 12 12.5 13 13.5 14 14.5 15 15.5 16 16.5 
GZ5141 x-speedportal-messi-3-tf-j-l10nel-m35si-pack-gz5141 26 8 8.5 9 9.5 10 10.5 11 11.5 12 12.5 13 13.5 1 1.5 2 2.5 3 3.5 4 4.5 5 5.5 6 6.5 7 7.5 
GW0334 run-70s-cf-k-shadow-navy-gw0334 26 8 8.5 9 9.5 10 10.5 11 11.5 12 12.5 13 13.5 1 1.5 2 2.5 3 3.5 4 4.5 5 5.5 6 6.5 7 7.5 
GW8591 pureboost-22-white-reflective-gw8591 30 3 3.5 4 4.5 5 5.5 6 6.5 7 7.5 8 8.5 9 9.5 10 10.5 11 11.5 12 12.5 13 13.5 14 14.5 15 16 17 18 19 20 
GZ6354 indoor-cycling-white-silver-metallic-gz6354 30 3 3.5 4 4.5 5 5.5 6 6.5 7 7.5 8 8.5 9 9.5 10 10.5 11 11.5 12 12.5 13 13.5 14 14.5 15 16 17 18 19 20 
1072A065-404 wmns-gel-court-hunter-2-soft-sky-orchid-1072a065-404 20 5 5.5 6 6.5 7 7.5 8 8.5 9 9.5 10 10.5 11 11.5 12 12.5 13 13.5 14 14.5 
1011B016-002 glideride-2-black-carrier-grey-1011b016-002 25 4 4.5 5 5.5 6 6.5 7 7.5 8 8.5 9 9.5 10 10.5 11 11.5 12 12.5 13 13.5 14 14.5 15 15.5 16 
1201A394-960 gel-quantum-360-6-glacier-grey-red-1201a394-960 25 4 4.5 5 5.5 6 6.5 7 7.5 8 8.5 9 9.5 10 10.5 11 11.5 12 12.5 13 13.5 14 14.5 15 15.5 16 
ABPR007-1 blitz-7-white-flame-red-abpr007-1 33 2 2.5 3 3.5 4 4.5 5 5.5 6 6.5 7 7.5 8 8.5 9 9.5 10 10.5 11 11.5 12 12.5 13 13.5 14 14.5 15 15.5 16 16.5 17 17.5 18 
VN0A7Q5ELGX old-skool-overt-cc-light-grey-white-vn0a7q5elgx 26 2.5 3 3.5 4 4.5 5 5.5 6 6.5 7 7.5 8 8.5 9 9.5 10 10.5 11 11.5 12 13 14 15 16 17 18 
VN0A5KXDR2S sk8-low-vintage-pop-marshmallow-turtledove-vn0a5kxdr2s 26 2.5 3 3.5 4 4.5 5 5.5 6 6.5 7 7.5 8 8.5 9 9.5 10 10.5 11 11.5 12 13 14 15 16 17 18 
263809C just-don-x-erx-260-mid-gs-animal-white-teal-jd-erx-wht-gs 20 10.5 11 11.5 12 12.5 13 13.5 1 1.5 2 2.5 3 3.5 4 4.5 5 5.5 6 6.5 7 
A02287C chuck-70-high-washed-denim-a02287c 25 3 3.5 4 4.5 5 5.5 6 6.5 7 7.5 8 8.5 9 9.5 10 10.5 11 11.5 12 13 14 15 16 17 18 
172351C chuck-70-high-climate-escapism-sedona-sage-172351c 25 3 3.5 4 4.5 5 5.5 6 6.5 7 7.5 8 8.5 9 9.5 10 10.5 11 11.5 12 13 14 15 16 17 18 
167269C pro-leather-2000s-167269c 25 3 3.5 4 4.5 5 5.5 6 6.5 7 7.5 8 8.5 9 9.5 10 10.5 11 11.5 12 13 14 15 16 17 18 
166595C pro-leather-high-2000s-pack-reese-forbes-166595c 25 3 3.5 4 4.5 5 5.5 6 6.5 7 7.5 8 8.5 9 9.5 10 10.5 11 11.5 12 13 14 15 16 17 18 
VN0A4BVBTJ5 sk8-hi-lx-lime-green-vn0a4bvbtj5 26 2.5 3 3.5 4 4.5 5 5.5 6 6.5 7 7.5 8 8.5 9 9.5 10 10.5 11 11.5 12 13 14 15 16 17 18 
VN0A4U3DWN7 sk8-hi-reissue-refract-white-vn0a4u3dwn7 26 2.5 3 3.5 4 4.5 5 5.5 6 6.5 7 7.5 8 8.5 9 9.5 10 10.5 11 11.5 12 13 14 15 16 17 18 
1044A018-404 gel-resolution-8-gs-blue-harmony-white-1044a018-404 21 10 10.5 11 11.5 12 12.5 13 13.5 1 1.5 2 2.5 3 3.5 4 4.5 5 5.5 6 6.5 7 
VN0A4UUC1AE authentic-hc-diy-lemon-chrome-vn0a4uuc1ae 26 2.5 3 3.5 4 4.5 5 5.5 6 6.5 7 7.5 8 8.5 9 9.5 10 10.5 11 11.5 12 13 14 15 16 17 18 
570789C wmns-chuck-70-low-colorblock-chambray-blue-570789c 25 5 5.5 6 6.5 7 7.5 8 8.5 9 9.5 10 10.5 11 11.5 12 12.5 13 13.5 14 15 16 17 18 19 20 
380865-02 suede-the-cat-black-380865-02 25 4 4.5 5 5.5 6 6.5 7 7.5 8 8.5 9 9.5 10 10.5 11 11.5 12 12.5 13 13.5 14 14.5 15 15.5 16 
365215-13 smash-v2-white-gum-365215-13 25 4 4.5 5 5.5 6 6.5 7 7.5 8 8.5 9 9.5 10 10.5 11 11.5 12 12.5 13 13.5 14 14.5 15 15.5 16 
376289-06 twitch-runner-black-rose-gold-376289-06 25 4 4.5 5 5.5 6 6.5 7 7.5 8 8.5 9 9.5 10 10.5 11 11.5 12 12.5 13 13.5 14 14.5 15 15.5 16 
195572-01 deviate-nitro-wtr-black-195572-01 25 4 4.5 5 5.5 6 6.5 7 7.5 8 8.5 9 9.5 10 10.5 11 11.5 12 12.5 13 13.5 14 14.5 15 15.5 16 
VN0A7Q62UDP sk8-hi-tapered-color-theory-desert-sage-vn0a7q62udp 26 2.5 3 3.5 4 4.5 5 5.5 6 6.5 7 7.5 8 8.5 9 9.5 10 10.5 11 11.5 12 13 14 15 16 17 18 
AW4594 vs-pace-white-black-aw4594 30 3 3.5 4 4.5 5 5.5 6 6.5 7 7.5 8 8.5 9 9.5 10 10.5 11 11.5 12 12.5 13 13.5 14 14.5 15 16 17 18 19 20 
163339C chuck-taylor-all-star-high-bold-citron-egret-163339c 25 3 3.5 4 4.5 5 5.5 6 6.5 7 7.5 8 8.5 9 9.5 10 10.5 11 11.5 12 13 14 15 16 17 18 
382046-02 city-rider-b-w-white-black-382046-02 25 4 4.5 5 5.5 6 6.5 7 7.5 8 8.5 9 9.5 10 10.5 11 11.5 12 12.5 13 13.5 14 14.5 15 15.5 16 
VN0A38GFUBT sk8-hi-38-dx-anaheim-factory-og-navy-vn0a38gfubt 26 2.5 3 3.5 4 4.5 5 5.5 6 6.5 7 7.5 8 8.5 9 9.5 10 10.5 11 11.5 12 13 14 15 16 17 18 
DR2741-600 ja-fly-4-hyper-pink-orange-dr2741-600 35 3 3.5 4 4.5 5 5.5 6 6.5 7 7.5 8 8.5 9 9.5 10 10.5 11 11.5 12 12.5 13 13.5 14 14.5 15 15.5 16 16.5 17 17.5 18 18.5 19 19.5 20 
DQ1979-500 acg-mountain-fly-low-se-canyon-purple-dq1979-500 35 3 3.5 4 4.5 5 5.5 6 6.5 7 7.5 8 8.5 9 9.5 10 10.5 11 11.5 12 12.5 13 13.5 14 14.5 15 15.5 16 16.5 17 17.5 18 18.5 19 19.5 20 
W1400CHB wmns-1400-made-in-usa-storm-blue-w1400chb 20 5 5.5 6 6.5 7 7.5 8 8.5 9 9.5 10 10.5 11 11.5 12 12.5 13 13.5 14 15 
567946C wmns-chuck-taylor-all-star-dainty-mule-slip-white-567946c 25 5 5.5 6 6.5 7 7.5 8 8.5 9 9.5 10 10.5 11 11.5 12 12.5 13 13.5 14 15 16 17 18 19 20 
172349C renew-one-star-remix-dark-moss-172349c 25 3 3.5 4 4.5 5 5.5 6 6.5 7 7.5 8 8.5 9 9.5 10 10.5 11 11.5 12 13 14 15 16 17 18 
A02683C run-star-hike-platform-low-serene-sapphire-gum-a02683c 25 3 3.5 4 4.5 5 5.5 6 6.5 7 7.5 8 8.5 9 9.5 10 10.5 11 11.5 12 13 14 15 16 17 18 
EG0951 ownthegame-black-scarlet-eg0951 30 3 3.5 4 4.5 5 5.5 6 6.5 7 7.5 8 8.5 9 9.5 10 10.5 11 11.5 12 12.5 13 13.5 14 14.5 15 16 17 18 19 20 
1041A182-102 solution-speed-ff-2-white-restful-teal-1041a182-102 25 4 4.5 5 5.5 6 6.5 7 7.5 8 8.5 9 9.5 10 10.5 11 11.5 12 12.5 13 13.5 14 14.5 15 15.5 16 
170061C dupont-tyvek-x-chuck-70-high-white-princess-blue-170061c 25 3 3.5 4 4.5 5 5.5 6 6.5 7 7.5 8 8.5 9 9.5 10 10.5 11 11.5 12 13 14 15 16 17 18 
1201A041-100 gel-1090-white-pure-silver-1201a041-100 25 4 4.5 5 5.5 6 6.5 7 7.5 8 8.5 9 9.5 10 10.5 11 11.5 12 12.5 13 13.5 14 14.5 15 15.5 16 
1144A218-750 pokemon-x-confi-ts-pikachu-1144a218-750 6 4 5 6 7 8 9 
3021282-103 core-remix-slides-white-black-3021282-103 33 2 2.5 3 3.5 4 4.5 5 5.5 6 6.5 7 7.5 8 8.5 9 9.5 10 10.5 11 11.5 12 12.5 13 13.5 14 14.5 15 15.5 16 16.5 17 17.5 18 
570920C wmns-chuck-taylor-all-star-platform-low-floral-print-egret-570920c 25 5 5.5 6 6.5 7 7.5 8 8.5 9 9.5 10 10.5 11 11.5 12 12.5 13 13.5 14 15 16 17 18 19 20 
GX0420 wmns-zentic-cloud-white-gx0420 24 4 4.5 5 5.5 6 6.5 7 7.5 8 8.5 9 9.5 10 10.5 11 11.5 12 12.5 13 13.5 14 14.5 15 15.5 
367029-01 wmns-suede-heart-artica-white-367029-01 17 5 5.5 6 6.5 7 7.5 8 8.5 9 9.5 10 10.5 11 11.5 12 12.5 13 
1202A164-107 wmns-gel-1130-cream-pure-silver-1202a164-107 20 5 5.5 6 6.5 7 7.5 8 8.5 9 9.5 10 10.5 11 11.5 12 12.5 13 13.5 14 14.5 
BV1387-002 neymar-x-shox-r4-bv1387-002 35 3 3.5 4 4.5 5 5.5 6 6.5 7 7.5 8 8.5 9 9.5 10 10.5 11 11.5 12 12.5 13 13.5 14 14.5 15 15.5 16 16.5 17 17.5 18 18.5 19 19.5 20 
370931-02 alteration-blitz-castlerock-370931-02 25 4 4.5 5 5.5 6 6.5 7 7.5 8 8.5 9 9.5 10 10.5 11 11.5 12 12.5 13 13.5 14 14.5 15 15.5 16 
315371-070 jordan-spizike-bordeaux-315371-070 34 3.5 4 4.5 5 5.5 6 6.5 7 7.5 8 8.5 9 9.5 10 10.5 11 11.5 12 12.5 13 13.5 14 14.5 15 15.5 16 16.5 17 17.5 18 18.5 19 19.5 20 
DH1042-091 wmns-nikecourt-zoom-lite-3-black-metallic-red-bronze-dh1042-091 28 4 4.5 5 5.5 6 6.5 7 7.5 8 8.5 9 9.5 10 10.5 11 11.5 12 12.5 13 13.5 14 14.5 15 15.5 16 16.5 17 17.5 
GW1490 run-70s-cf-k-black-gw1490 26 8 8.5 9 9.5 10 10.5 11 11.5 12 12.5 13 13.5 1 1.5 2 2.5 3 3.5 4 4.5 5 5.5 6 6.5 7 7.5 
374950-01 wmns-cali-galentine-s-day-374950-01 17 5 5.5 6 6.5 7 7.5 8 8.5 9 9.5 10 10.5 11 11.5 12 12.5 13 
FW7610 hoops-2-0-mid-j-white-signal-pink-fw7610 26 8 8.5 9 9.5 10 10.5 11 11.5 12 12.5 13 13.5 1 1.5 2 2.5 3 3.5 4 4.5 5 5.5 6 6.5 7 7.5 
380513-01 kidsuper-studios-x-suede-vintage-lupine-380513-01 25 4 4.5 5 5.5 6 6.5 7 7.5 8 8.5 9 9.5 10 10.5 11 11.5 12 12.5 13 13.5 14 14.5 15 15.5 16 
VN0A4BV518P old-skool-drizzle-vn0a4bv518p 26 2.5 3 3.5 4 4.5 5 5.5 6 6.5 7 7.5 8 8.5 9 9.5 10 10.5 11 11.5 12 13 14 15 16 17 18 
AO6219-101 jordan-why-not-zer0-2-triple-white-ao6219-101 34 3.5 4 4.5 5 5.5 6 6.5 7 7.5 8 8.5 9 9.5 10 10.5 11 11.5 12 12.5 13 13.5 14 14.5 15 15.5 16 16.5 17 17.5 18 18.5 19 19.5 20 
315371-603 jordan-spizike-gym-red-315371-603 34 3.5 4 4.5 5 5.5 6 6.5 7 7.5 8 8.5 9 9.5 10 10.5 11 11.5 12 12.5 13 13.5 14 14.5 15 15.5 16 16.5 17 17.5 18 18.5 19 19.5 20 
H06417 own-the-game-2-0-j-black-victory-blue-h06417 26 8 8.5 9 9.5 10 10.5 11 11.5 12 12.5 13 13.5 1 1.5 2 2.5 3 3.5 4 4.5 5 5.5 6 6.5 7 7.5 
387875-01 rebound-joy-cv-dark-shadow-white-387875-01 25 4 4.5 5 5.5 6 6.5 7 7.5 8 8.5 9 9.5 10 10.5 11 11.5 12 12.5 13 13.5 14 14.5 15 15.5 16 
195068-01 wmns-softride-rift-breeze-black-team-gold-195068-01 17 5 5.5 6 6.5 7 7.5 8 8.5 9 9.5 10 10.5 11 11.5 12 12.5 13 
VN0A391F6BT sk8-mid-black-vn0a391f6bt 26 2.5 3 3.5 4 4.5 5 5.5 6 6.5 7 7.5 8 8.5 9 9.5 10 10.5 11 11.5 12 13 14 15 16 17 18 
GZ5131 x-speedportal-fg-heatspawn-pack-gz5131 30 3 3.5 4 4.5 5 5.5 6 6.5 7 7.5 8 8.5 9 9.5 10 10.5 11 11.5 12 12.5 13 13.5 14 14.5 15 16 17 18 19 20 
DV5458-400 court-borough-low-recraft-td-cobalt-bliss-track-red-dv5458-400 25 1 2 2.5 3 3.5 4 4.5 5 5.5 6 6.5 7 7.5 8 8.5 9 9.5 10 10.5 11 11.5 12 12.5 13 13.5 
VN0A45K3VSH sk8-hi-lx-bricolage-pack-cool-blue-vn0a45k3vsh 26 2.5 3 3.5 4 4.5 5 5.5 6 6.5 7 7.5 8 8.5 9 9.5 10 10.5 11 11.5 12 13 14 15 16 17 18 
845037-021 air-jordan-31-shattered-backboard-845037-021 34 3.5 4 4.5 5 5.5 6 6.5 7 7.5 8 8.5 9 9.5 10 10.5 11 11.5 12 12.5 13 13.5 14 14.5 15 15.5 16 16.5 17 17.5 18 18.5 19 19.5 20 
150148C ct-ii-hi-150148c 25 3 3.5 4 4.5 5 5.5 6 6.5 7 7.5 8 8.5 9 9.5 10 10.5 11 11.5 12 13 14 15 16 17 18 
EE9058 crazy-byw-x-veterans-day-ee9058 30 3 3.5 4 4.5 5 5.5 6 6.5 7 7.5 8 8.5 9 9.5 10 10.5 11 11.5 12 12.5 13 13.5 14 14.5 15 16 17 18 19 20 
H01710 response-super-2-0-j-black-white-h01710 26 8 8.5 9 9.5 10 10.5 11 11.5 12 12.5 13 13.5 1 1.5 2 2.5 3 3.5 4 4.5 5 5.5 6 6.5 7 7.5 
GV9288 marvel-x-adizero-primeknit-cleats-black-panther-gv9288 30 3 3.5 4 4.5 5 5.5 6 6.5 7 7.5 8 8.5 9 9.5 10 10.5 11 11.5 12 12.5 13 13.5 14 14.5 15 16 17 18 19 20 
VN0A45JCSXD baker-x-old-skool-pro-dustin-dollin-polka-dots-vn0a45jcsxd 26 2.5 3 3.5 4 4.5 5 5.5 6 6.5 7 7.5 8 8.5 9 9.5 10 10.5 11 11.5 12 13 14 15 16 17 18 
VN0007QDQJM knu-skool-vlt-lx-marshmallow-vn0007qdqjm 26 2.5 3 3.5 4 4.5 5 5.5 6 6.5 7 7.5 8 8.5 9 9.5 10 10.5 11 11.5 12 13 14 15 16 17 18 
VN0A3QXYBA2 bianca-chandon-x-classic-slip-on-vlt-lx-stressed-black-vn0a3qxyba21 26 2.5 3 3.5 4 4.5 5 5.5 6 6.5 7 7.5 8 8.5 9 9.5 10 10.5 11 11.5 12 13 14 15 16 17 18 
ABEP001-11 way-of-wade-8-polka-dot-abep001-11 33 2 2.5 3 3.5 4 4.5 5 5.5 6 6.5 7 7.5 8 8.5 9 9.5 10 10.5 11 11.5 12 12.5 13 13.5 14 14.5 15 15.5 16 16.5 17 17.5 18 
DH4071-102 air-zoom-pegasus-39-white-bright-crimson-dh4071-102 35 3 3.5 4 4.5 5 5.5 6 6.5 7 7.5 8 8.5 9 9.5 10 10.5 11 11.5 12 12.5 13 13.5 14 14.5 15 15.5 16 16.5 17 17.5 18 18.5 19 19.5 20 
1203A312-100 gel-spotlyte-low-white-blue-1203a312-100 25 4 4.5 5 5.5 6 6.5 7 7.5 8 8.5 9 9.5 10 10.5 11 11.5 12 12.5 13 13.5 14 14.5 15 15.5 16 
1011B306-960 novablast-2-celebration-of-sport-pack-1011b306-960 25 4 4.5 5 5.5 6 6.5 7 7.5 8 8.5 9 9.5 10 10.5 11 11.5 12 12.5 13 13.5 14 14.5 15 15.5 16 
DO7192-104 jordan-one-take-4-pf-pink-blast-do7192-104 34 3.5 4 4.5 5 5.5 6 6.5 7 7.5 8 8.5 9 9.5 10 10.5 11 11.5 12 12.5 13 13.5 14 14.5 15 15.5 16 16.5 17 17.5 18 18.5 19 19.5 20 
3022050-400 hovr-havoc-2-royal-capri-3022050-400 33 2 2.5 3 3.5 4 4.5 5 5.5 6 6.5 7 7.5 8 8.5 9 9.5 10 10.5 11 11.5 12 12.5 13 13.5 14 14.5 15 15.5 16 16.5 17 17.5 18 
DC7729-100 wmns-jordan-ma2-future-beginnings-dc7729-100 24 5 5.5 6 6.5 7 7.5 8 8.5 9 9.5 10 10.5 11 11.5 12 12.5 13 13.5 14 14.5 15 15.5 16 16.5 
FY5467 campus-80s-size-tag-off-white-fy5467 30 3 3.5 4 4.5 5 5.5 6 6.5 7 7.5 8 8.5 9 9.5 10 10.5 11 11.5 12 12.5 13 13.5 14 14.5 15 16 17 18 19 20 
GY7008 100db-black-white-gy7008 30 3 3.5 4 4.5 5 5.5 6 6.5 7 7.5 8 8.5 9 9.5 10 10.5 11 11.5 12 12.5 13 13.5 14 14.5 15 16 17 18 19 20 
GW1613 forum-low-black-vivid-red-gw1613 30 3 3.5 4 4.5 5 5.5 6 6.5 7 7.5 8 8.5 9 9.5 10 10.5 11 11.5 12 12.5 13 13.5 14 14.5 15 16 17 18 19 20 
GW8016 ozweego-core-black-gw8016 30 3 3.5 4 4.5 5 5.5 6 6.5 7 7.5 8 8.5 9 9.5 10 10.5 11 11.5 12 12.5 13 13.5 14 14.5 15 16 17 18 19 20 
1071A054-107 gel-rocket-10-white-velvet-pine-1071a054-107 25 4 4.5 5 5.5 6 6.5 7 7.5 8 8.5 9 9.5 10 10.5 11 11.5 12 12.5 13 13.5 14 14.5 15 15.5 16 
VN0A5HYQB8Y slip-on-sf-textured-waves-vn0a5hyqb8y 26 2.5 3 3.5 4 4.5 5 5.5 6 6.5 7 7.5 8 8.5 9 9.5 10 10.5 11 11.5 12 13 14 15 16 17 18 
VN0A38G1U58 old-skool-gum-block-vn0a38g1u58 26 2.5 3 3.5 4 4.5 5 5.5 6 6.5 7 7.5 8 8.5 9 9.5 10 10.5 11 11.5 12 13 14 15 16 17 18 
VN0A4BVB00W raised-by-wolves-x-og-sk8-hi-lx-mattress-vn0a4bvb00w 26 2.5 3 3.5 4 4.5 5 5.5 6 6.5 7 7.5 8 8.5 9 9.5 10 10.5 11 11.5 12 13 14 15 16 17 18 
VN0A4BV3V9B classic-slip-on-otw-rally-vn0a4bv3v9b 26 2.5 3 3.5 4 4.5 5 5.5 6 6.5 7 7.5 8 8.5 9 9.5 10 10.5 11 11.5 12 13 14 15 16 17 18 
VN0A38GF9XN sk8-hi-38-dx-anaheim-factory-black-white-vn0a38gf9xn 26 2.5 3 3.5 4 4.5 5 5.5 6 6.5 7 7.5 8 8.5 9 9.5 10 10.5 11 11.5 12 13 14 15 16 17 18 
VN0A3MU6V7U authentic-sf-man-i-need-vans-vn0a3mu6v7u 26 2.5 3 3.5 4 4.5 5 5.5 6 6.5 7 7.5 8 8.5 9 9.5 10 10.5 11 11.5 12 13 14 15 16 17 18 
VN0A3MVMVQJ modernica-x-style-36-lx-hawaiian-vn0a3mvmvqj 26 2.5 3 3.5 4 4.5 5 5.5 6 6.5 7 7.5 8 8.5 9 9.5 10 10.5 11 11.5 12 13 14 15 16 17 18 
172948C chuck-taylor-all-star-cx-high-color-pop-white-172948c 25 3 3.5 4 4.5 5 5.5 6 6.5 7 7.5 8 8.5 9 9.5 10 10.5 11 11.5 12 13 14 15 16 17 18 
157508C nike-x-chuck-taylor-all-star-flyknit-high-hyper-grape-157508c 25 3 3.5 4 4.5 5 5.5 6 6.5 7 7.5 8 8.5 9 9.5 10 10.5 11 11.5 12 13 14 15 16 17 18 
A00482C chuck-70-high-tropical-leaf-a00482c 25 3 3.5 4 4.5 5 5.5 6 6.5 7 7.5 8 8.5 9 9.5 10 10.5 11 11.5 12 13 14 15 16 17 18 
167698C chuck-70-low-scripted-signature-print-black-egret-167698c 25 3 3.5 4 4.5 5 5.5 6 6.5 7 7.5 8 8.5 9 9.5 10 10.5 11 11.5 12 13 14 15 16 17 18 
167331C jack-purcell-low-chinese-new-year-167331c 25 3 3.5 4 4.5 5 5.5 6 6.5 7 7.5 8 8.5 9 9.5 10 10.5 11 11.5 12 13 14 15 16 17 18 
167133C chuck-70-e260-high-black-mystical-167133c 25 3 3.5 4 4.5 5 5.5 6 6.5 7 7.5 8 8.5 9 9.5 10 10.5 11 11.5 12 13 14 15 16 17 18 
385253-02 rebound-joy-geometrics-385253-02 25 4 4.5 5 5.5 6 6.5 7 7.5 8 8.5 9 9.5 10 10.5 11 11.5 12 12.5 13 13.5 14 14.5 15 15.5 16 
381182-01 suede-mid-ad4pt-black-dark-shadow-381182-01 25 4 4.5 5 5.5 6 6.5 7 7.5 8 8.5 9 9.5 10 10.5 11 11.5 12 12.5 13 13.5 14 14.5 15 15.5 16 
ML574NLD 574-summer-fog-ml574nld 34 3.5 4 4.5 5 5.5 6 6.5 7 7.5 8 8.5 9 9.5 10 10.5 11 11.5 12 12.5 13 13.5 14 14.5 15 15.5 16 16.5 17 17.5 18 18.5 19 19.5 20 
GV7902 alphacomfy-black-white-gv7902 30 3 3.5 4 4.5 5 5.5 6 6.5 7 7.5 8 8.5 9 9.5 10 10.5 11 11.5 12 12.5 13 13.5 14 14.5 15 16 17 18 19 20 
DA7995-102 waffle-one-natural-da7995-102 35 3 3.5 4 4.5 5 5.5 6 6.5 7 7.5 8 8.5 9 9.5 10 10.5 11 11.5 12 12.5 13 13.5 14 14.5 15 15.5 16 16.5 17 17.5 18 18.5 19 19.5 20 
1011B359-401 gel-nimbus-24-blue-harmony-1011b359-401 25 4 4.5 5 5.5 6 6.5 7 7.5 8 8.5 9 9.5 10 10.5 11 11.5 12 12.5 13 13.5 14 14.5 15 15.5 16 
VN000QERBLK huatunan-x-authentic-year-of-the-tiger-vn000qerblk 26 2.5 3 3.5 4 4.5 5 5.5 6 6.5 7 7.5 8 8.5 9 9.5 10 10.5 11 11.5 12 13 14 15 16 17 18 
FZ4326 y-3-kaiwa-white-black-fz4326 30 3 3.5 4 4.5 5 5.5 6 6.5 7 7.5 8 8.5 9 9.5 10 10.5 11 11.5 12 12.5 13 13.5 14 14.5 15 16 17 18 19 20 
DR5961-810 phantom-gt2-academy-mg-generation-pack-dr5961-810 35 3 3.5 4 4.5 5 5.5 6 6.5 7 7.5 8 8.5 9 9.5 10 10.5 11 11.5 12 12.5 13 13.5 14 14.5 15 15.5 16 16.5 17 17.5 18 18.5 19 19.5 20 
3024870-103 runplay-concrete-black-3024870-103 33 2 2.5 3 3.5 4 4.5 5 5.5 6 6.5 7 7.5 8 8.5 9 9.5 10 10.5 11 11.5 12 12.5 13 13.5 14 14.5 15 15.5 16 16.5 17 17.5 18 
VN0A3MV8UCP sk8-mid-reissue-sunflower-vn0a3mv8ucp 26 2.5 3 3.5 4 4.5 5 5.5 6 6.5 7 7.5 8 8.5 9 9.5 10 10.5 11 11.5 12 13 14 15 16 17 18 
367984-01 court-culture-367984-01 25 4 4.5 5 5.5 6 6.5 7 7.5 8 8.5 9 9.5 10 10.5 11 11.5 12 12.5 13 13.5 14 14.5 15 15.5 16 
AA1336-004 hydro-retro-11-slide-aa1336-004 34 3.5 4 4.5 5 5.5 6 6.5 7 7.5 8 8.5 9 9.5 10 10.5 11 11.5 12 12.5 13 13.5 14 14.5 15 15.5 16 16.5 17 17.5 18 18.5 19 19.5 20 
130690-001 air-jordan-12-retro-playoff-2012-release-130690-001 34 3.5 4 4.5 5 5.5 6 6.5 7 7.5 8 8.5 9 9.5 10 10.5 11 11.5 12 12.5 13 13.5 14 14.5 15 15.5 16 16.5 17 17.5 18 18.5 19 19.5 20 
GX1052 y-3-kaiwa-black-blush-green-gx1052 30 3 3.5 4 4.5 5 5.5 6 6.5 7 7.5 8 8.5 9 9.5 10 10.5 11 11.5 12 12.5 13 13.5 14 14.5 15 16 17 18 19 20 
GW0333 run-70s-cf-j-white-crew-navy-red-gw0333 26 8 8.5 9 9.5 10 10.5 11 11.5 12 12.5 13 13.5 1 1.5 2 2.5 3 3.5 4 4.5 5 5.5 6 6.5 7 7.5 
1071A066-402 gel-blade-8-indigo-fog-1071a066-402 25 4 4.5 5 5.5 6 6.5 7 7.5 8 8.5 9 9.5 10 10.5 11 11.5 12 12.5 13 13.5 14 14.5 15 15.5 16 
GW7168 hello-kitty-x-wmns-superstar-white-bliss-pink-gw7168 24 4 4.5 5 5.5 6 6.5 7 7.5 8 8.5 9 9.5 10 10.5 11 11.5 12 12.5 13 13.5 14 14.5 15 15.5 
M990VS1 extra-butter-x-990v1-made-in-usa-grey-m990vs1 34 3.5 4 4.5 5 5.5 6 6.5 7 7.5 8 8.5 9 9.5 10 10.5 11 11.5 12 12.5 13 13.5 14 14.5 15 15.5 16 16.5 17 17.5 18 18.5 19 19.5 20 
361005-02 rihanna-x-puma-suede-creeper-361005-02 17 5 5.5 6 6.5 7 7.5 8 8.5 9 9.5 10 10.5 11 11.5 12 12.5 13 
ABAK031-4 way-of-wade-3-code-red-abak031-4 33 2 2.5 3 3.5 4 4.5 5 5.5 6 6.5 7 7.5 8 8.5 9 9.5 10 10.5 11 11.5 12 12.5 13 13.5 14 14.5 15 15.5 16 16.5 17 17.5 18 
WL574SAZ wmns-574-faded-cedar-wl574saz 20 5 5.5 6 6.5 7 7.5 8 8.5 9 9.5 10 10.5 11 11.5 12 12.5 13 13.5 14 15 
VN0A4BTW95Y wmns-sk8-hi-stacked-checkerboard-vn0a4btw95y 15 4 4.5 5 5.5 6 6.5 7 7.5 8 8.5 9 9.5 10 10.5 11 
ABAS115-4 way-of-wade-10-mint-abas115-4 33 2 2.5 3 3.5 4 4.5 5 5.5 6 6.5 7 7.5 8 8.5 9 9.5 10 10.5 11 11.5 12 12.5 13 13.5 14 14.5 15 15.5 16 16.5 17 17.5 18 
539542-435 air-jordan-1-retro-high-rttg-d-c-539542-435 34 3.5 4 4.5 5 5.5 6 6.5 7 7.5 8 8.5 9 9.5 10 10.5 11 11.5 12 12.5 13 13.5 14 14.5 15 15.5 16 16.5 17 17.5 18 18.5 19 19.5 20 
GW8092 lego-x-sport-pro-i-equipment-yellow-gw8092 17 1 2 2.5 3 4 5 5.5 6 6.5 7 7.5 8 8.5 9 9.5 10 10.5 
H67266 ozweego-zip-black-solar-red-h67266 30 3 3.5 4 4.5 5 5.5 6 6.5 7 7.5 8 8.5 9 9.5 10 10.5 11 11.5 12 12.5 13 13.5 14 14.5 15 16 17 18 19 20 
ABPS009-2 wade-all-city-10-v2-kids-team-no-sleep-abps009-2 26 10.5 11 11.5 12 12.5 13 13.5 1 1.5 2 2.5 3 3.5 4 4.5 5 5.5 6 6.5 7 7.5 8 8.5 9 9.5 10 
GX2933 d-rose-son-of-chi-rare-gems-gx2933 30 3 3.5 4 4.5 5 5.5 6 6.5 7 7.5 8 8.5 9 9.5 10 10.5 11 11.5 12 12.5 13 13.5 14 14.5 15 16 17 18 19 20 
1201A161-300 gel-kayano-14-mantle-green-1201a161-300 25 4 4.5 5 5.5 6 6.5 7 7.5 8 8.5 9 9.5 10 10.5 11 11.5 12 12.5 13 13.5 14 14.5 15 15.5 16 
CI1205-140 jordan-jumpman-diamond-mid-pf-hyper-violet-ci1205-140 34 3.5 4 4.5 5 5.5 6 6.5 7 7.5 8 8.5 9 9.5 10 10.5 11 11.5 12 12.5 13 13.5 14 14.5 15 15.5 16 16.5 17 17.5 18 18.5 19 19.5 20 
GX4791 cross-em-up-5-j-wide-vivid-red-silver-metallic-gx4791 26 8 8.5 9 9.5 10 10.5 11 11.5 12 12.5 13 13.5 1 1.5 2 2.5 3 3.5 4 4.5 5 5.5 6 6.5 7 7.5 
A03563C chuck-70-mule-retro-denim-a03563c 25 3 3.5 4 4.5 5 5.5 6 6.5 7 7.5 8 8.5 9 9.5 10 10.5 11 11.5 12 13 14 15 16 17 18 
374073-01 ralph-sampson-mid-4th-of-july-374073-01 25 4 4.5 5 5.5 6 6.5 7 7.5 8 8.5 9 9.5 10 10.5 11 11.5 12 12.5 13 13.5 14 14.5 15 15.5 16 
1203A033-001 japan-s-black-white-1203a033-001 25 4 4.5 5 5.5 6 6.5 7 7.5 8 8.5 9 9.5 10 10.5 11 11.5 12 12.5 13 13.5 14 14.5 15 15.5 16 
HQ4654 adifom-superstar-clear-granite-hq4654 30 3 3.5 4 4.5 5 5.5 6 6.5 7 7.5 8 8.5 9 9.5 10 10.5 11 11.5 12 12.5 13 13.5 14 14.5 15 16 17 18 19 20 
304775-125 air-jordan-7-hare-304775-125 34 3.5 4 4.5 5 5.5 6 6.5 7 7.5 8 8.5 9 9.5 10 10.5 11 11.5 12 12.5 13 13.5 14 14.5 15 15.5 16 16.5 17 17.5 18 18.5 19 19.5 20 
371389-01 rhude-x-cell-king-black-oatmeal-371389-01 25 4 4.5 5 5.5 6 6.5 7 7.5 8 8.5 9 9.5 10 10.5 11 11.5 12 12.5 13 13.5 14 14.5 15 15.5 16 
VN0A3WM1UZ1 sk8-hi-reissue-cap-pewter-mango-mojito-vn0a3wm1uz1 26 2.5 3 3.5 4 4.5 5 5.5 6 6.5 7 7.5 8 8.5 9 9.5 10 10.5 11 11.5 12 13 14 15 16 17 18 
705290-100 air-jordan-1-retro-high-bg-laser-705290-100 26 10.5 11 11.5 12 12.5 13 13.5 1 1.5 2 2.5 3 3.5 4 4.5 5 5.5 6 6.5 7 7.5 8 8.5 9 9.5 10 
GW1385 tinman-elite-x-adizero-avanti-tyo-white-gold-metallic-gw1385 30 3 3.5 4 4.5 5 5.5 6 6.5 7 7.5 8 8.5 9 9.5 10 10.5 11 11.5 12 12.5 13 13.5 14 14.5 15 16 17 18 19 20 
306796-03 scuderia-ferrari-x-speedcat-rosso-corsa-306796-03 25 4 4.5 5 5.5 6 6.5 7 7.5 8 8.5 9 9.5 10 10.5 11 11.5 12 12.5 13 13.5 14 14.5 15 15.5 16 
DM9018-141 air-zoom-infinity-tour-next-sail-washed-teal-dm9018-141 35 3 3.5 4 4.5 5 5.5 6 6.5 7 7.5 8 8.5 9 9.5 10 10.5 11 11.5 12 12.5 13 13.5 14 14.5 15 15.5 16 16.5 17 17.5 18 18.5 19 19.5 20 
VN0A38G1UKN old-skool-rainbow-glitter-vn0a38g1ukn 26 2.5 3 3.5 4 4.5 5 5.5 6 6.5 7 7.5 8 8.5 9 9.5 10 10.5 11 11.5 12 13 14 15 16 17 18 
M2002RLA 2002r-white-lagoon-m2002rla 34 3.5 4 4.5 5 5.5 6 6.5 7 7.5 8 8.5 9 9.5 10 10.5 11 11.5 12 12.5 13 13.5 14 14.5 15 15.5 16 16.5 17 17.5 18 18.5 19 19.5 20 
CG6177 p-o-d-s3-1-legend-purple-cg6177 24 4 4.5 5 5.5 6 6.5 7 7.5 8 8.5 9 9.5 10 10.5 11 11.5 12 12.5 13 13.5 14 14.5 15 15.5 
DH3389-175 wmns-air-zoom-superrep-3-premium-white-volt-dh3389-175 28 4 4.5 5 5.5 6 6.5 7 7.5 8 8.5 9 9.5 10 10.5 11 11.5 12 12.5 13 13.5 14 14.5 15 15.5 16 16.5 17 17.5 
3024930-001 wmns-hovr-phantom-2-black-victory-blue-3024930-001 23 3.5 4 4.5 5 5.5 6 6.5 7 7.5 8 8.5 9 9.5 10 10.5 11 11.5 12 12.5 13 13.5 14 15 
384615-01 wmns-karmen-leather-white-384615-01 17 5 5.5 6 6.5 7 7.5 8 8.5 9 9.5 10 10.5 11 11.5 12 12.5 13 
F35627 predator-19-3-turf-black-gold-metallic-f35627 30 3 3.5 4 4.5 5 5.5 6 6.5 7 7.5 8 8.5 9 9.5 10 10.5 11 11.5 12 12.5 13 13.5 14 14.5 15 16 17 18 19 20 
FW2282 star-wars-x-nmd_r1-darth-vader-fw2282 30 3 3.5 4 4.5 5 5.5 6 6.5 7 7.5 8 8.5 9 9.5 10 10.5 11 11.5 12 12.5 13 13.5 14 14.5 15 16 17 18 19 20 
ABAH017-8 li-ning-wow-way-of-wade-2-christmas-se-abah017-8 33 2 2.5 3 3.5 4 4.5 5 5.5 6 6.5 7 7.5 8 8.5 9 9.5 10 10.5 11 11.5 12 12.5 13 13.5 14 14.5 15 15.5 16 16.5 17 17.5 18 
836749-045 air-jordan-1-retro-high-nouveau-bhm-836749-045 34 3.5 4 4.5 5 5.5 6 6.5 7 7.5 8 8.5 9 9.5 10 10.5 11 11.5 12 12.5 13 13.5 14 14.5 15 15.5 16 16.5 17 17.5 18 18.5 19 19.5 20 
B37552 crazy-byw-ii-real-purple-b37552 30 3 3.5 4 4.5 5 5.5 6 6.5 7 7.5 8 8.5 9 9.5 10 10.5 11 11.5 12 12.5 13 13.5 14 14.5 15 16 17 18 19 20 
1012A888-100 wmns-gel-cumulus-23-white-black-1012a888-100 20 5 5.5 6 6.5 7 7.5 8 8.5 9 9.5 10 10.5 11 11.5 12 12.5 13 13.5 14 14.5 
DV2958-001 zoom-vapor-9-5-tour-premium-southern-california-murals-dv2958-001 35 3 3.5 4 4.5 5 5.5 6 6.5 7 7.5 8 8.5 9 9.5 10 10.5 11 11.5 12 12.5 13 13.5 14 14.5 15 15.5 16 16.5 17 17.5 18 18.5 19 19.5 20 
CT4416-103 air-jordan-6-retro-little-flex-ps-multi-white-ct4416-103 26 10.5 11 11.5 12 12.5 13 13.5 1 1.5 2 2.5 3 3.5 4 4.5 5 5.5 6 6.5 7 7.5 8 8.5 9 9.5 10 
BV1654-601 jordan-proto-react-university-red-bv1654-601 34 3.5 4 4.5 5 5.5 6 6.5 7 7.5 8 8.5 9 9.5 10 10.5 11 11.5 12 12.5 13 13.5 14 14.5 15 15.5 16 16.5 17 17.5 18 18.5 19 19.5 20 
MS997FHD 997s-white-blue-ms997fhd 34 3.5 4 4.5 5 5.5 6 6.5 7 7.5 8 8.5 9 9.5 10 10.5 11 11.5 12 12.5 13 13.5 14 14.5 15 15.5 16 16.5 17 17.5 18 18.5 19 19.5 20 
GX1177 alphamagma-guard-black-dark-marine-gx1177 30 3 3.5 4 4.5 5 5.5 6 6.5 7 7.5 8 8.5 9 9.5 10 10.5 11 11.5 12 12.5 13 13.5 14 14.5 15 16 17 18 19 20 
EG8127 ozweego-white-collegiate-navy-scarlet-eg8127 30 3 3.5 4 4.5 5 5.5 6 6.5 7 7.5 8 8.5 9 9.5 10 10.5 11 11.5 12 12.5 13 13.5 14 14.5 15 16 17 18 19 20 
EF5880 wmns-supercourt-white-black-ef5880 30 3 3.5 4 4.5 5 5.5 6 6.5 7 7.5 8 8.5 9 9.5 10 10.5 11 11.5 12 12.5 13 13.5 14 14.5 15 16 17 18 19 20 
GW3037 wmns-hoops-3-0-low-white-legend-ink-gw3037 24 4 4.5 5 5.5 6 6.5 7 7.5 8 8.5 9 9.5 10 10.5 11 11.5 12 12.5 13 13.5 14 14.5 15 15.5 
1203A022-021 gel-kayano-5-og-glacier-grey-1203a022-021 25 4 4.5 5 5.5 6 6.5 7 7.5 8 8.5 9 9.5 10 10.5 11 11.5 12 12.5 13 13.5 14 14.5 15 15.5 16 
1011B185-100 gt-2000-10-white-black-1011b185-100 25 4 4.5 5 5.5 6 6.5 7 7.5 8 8.5 9 9.5 10 10.5 11 11.5 12 12.5 13 13.5 14 14.5 15 15.5 16 
TUF123-0195 fabre-first-sl-3-white-champagne-glod-tuf123-0195 6 4 5 6 7 8 9 
1144A151-101 corsair-baby-sl-2-ts-white-directoire-blue-1144a151-101 6 4 5 6 7 8 9 
1201A084-020 gel-preleus-metropolis-1201a084-020 25 4 4.5 5 5.5 6 6.5 7 7.5 8 8.5 9 9.5 10 10.5 11 11.5 12 12.5 13 13.5 14 14.5 15 15.5 16 
VN0A3TK61WX authentic-138-black-vn0a3tk61wx 26 2.5 3 3.5 4 4.5 5 5.5 6 6.5 7 7.5 8 8.5 9 9.5 10 10.5 11 11.5 12 13 14 15 16 17 18 
166216C chuck-70-hi-black-beige-166216c 25 3 3.5 4 4.5 5 5.5 6 6.5 7 7.5 8 8.5 9 9.5 10 10.5 11 11.5 12 13 14 15 16 17 18 
195337-01 velocity-nitro-2-fizzy-light-195337-01 25 4 4.5 5 5.5 6 6.5 7 7.5 8 8.5 9 9.5 10 10.5 11 11.5 12 12.5 13 13.5 14 14.5 15 15.5 16 
GZ4297 wmns-forum-bonega-embroidered-floral-gz4297 24 4 4.5 5 5.5 6 6.5 7 7.5 8 8.5 9 9.5 10 10.5 11 11.5 12 12.5 13 13.5 14 14.5 15 15.5 
GW7650 d-rose-son-of-chi-godspeed-gw7650 30 3 3.5 4 4.5 5 5.5 6 6.5 7 7.5 8 8.5 9 9.5 10 10.5 11 11.5 12 12.5 13 13.5 14 14.5 15 16 17 18 19 20 
FX7842 climacool-vento-triple-white-fx7842 30 3 3.5 4 4.5 5 5.5 6 6.5 7 7.5 8 8.5 9 9.5 10 10.5 11 11.5 12 12.5 13 13.5 14 14.5 15 16 17 18 19 20 
G48060 busenitz-g48060 30 3 3.5 4 4.5 5 5.5 6 6.5 7 7.5 8 8.5 9 9.5 10 10.5 11 11.5 12 12.5 13 13.5 14 14.5 15 16 17 18 19 20 
ML574TYA 574-natural-indigo-mahogany-ml574tya 34 3.5 4 4.5 5 5.5 6 6.5 7 7.5 8 8.5 9 9.5 10 10.5 11 11.5 12 12.5 13 13.5 14 14.5 15 15.5 16 16.5 17 17.5 18 18.5 19 19.5 20 
BB9299 marquee-boost-white-gum-bb9299 30 3 3.5 4 4.5 5 5.5 6 6.5 7 7.5 8 8.5 9 9.5 10 10.5 11 11.5 12 12.5 13 13.5 14 14.5 15 16 17 18 19 20 
VN0A4U3CWT9 sk8-hi-p-c-vn0a4u3cwt9 26 2.5 3 3.5 4 4.5 5 5.5 6 6.5 7 7.5 8 8.5 9 9.5 10 10.5 11 11.5 12 13 14 15 16 17 18 
DV3276-102 nikecourt-zoom-nxt-hc-white-kelly-green-dv3276-102 35 3 3.5 4 4.5 5 5.5 6 6.5 7 7.5 8 8.5 9 9.5 10 10.5 11 11.5 12 12.5 13 13.5 14 14.5 15 15.5 16 16.5 17 17.5 18 18.5 19 19.5 20 
AR3240-101 air-jordan-34-iridescent-ar3240-101 34 3.5 4 4.5 5 5.5 6 6.5 7 7.5 8 8.5 9 9.5 10 10.5 11 11.5 12 12.5 13 13.5 14 14.5 15 15.5 16 16.5 17 17.5 18 18.5 19 19.5 20 
DV1970-105 air-max-270-go-td-white-emerald-rise-dv1970-105 25 1 2 2.5 3 3.5 4 4.5 5 5.5 6 6.5 7 7.5 8 8.5 9 9.5 10 10.5 11 11.5 12 12.5 13 13.5 
G27722 wmns-continental-80-true-pink-g27722 24 4 4.5 5 5.5 6 6.5 7 7.5 8 8.5 9 9.5 10 10.5 11 11.5 12 12.5 13 13.5 14 14.5 15 15.5 
EF9961 d-o-n-issue-1-gca-solar-red-ef9961 30 3 3.5 4 4.5 5 5.5 6 6.5 7 7.5 8 8.5 9 9.5 10 10.5 11 11.5 12 12.5 13 13.5 14 14.5 15 16 17 18 19 20 
EH0592 nemeziz-messi-19-3-tf-the-journey-eh0592 30 3 3.5 4 4.5 5 5.5 6 6.5 7 7.5 8 8.5 9 9.5 10 10.5 11 11.5 12 12.5 13 13.5 14 14.5 15 16 17 18 19 20 
1011A767-101 gel-kayano-27-triple-white-1011a767-101 25 4 4.5 5 5.5 6 6.5 7 7.5 8 8.5 9 9.5 10 10.5 11 11.5 12 12.5 13 13.5 14 14.5 15 15.5 16 
171845C kith-x-chuck-70-high-scarab-monogram-171845c 25 3 3.5 4 4.5 5 5.5 6 6.5 7 7.5 8 8.5 9 9.5 10 10.5 11 11.5 12 13 14 15 16 17 18 
130690-012 air-jordan-12-retro-cool-grey-130690-012 34 3.5 4 4.5 5 5.5 6 6.5 7 7.5 8 8.5 9 9.5 10 10.5 11 11.5 12 12.5 13 13.5 14 14.5 15 15.5 16 16.5 17 17.5 18 18.5 19 19.5 20 
GW6804 zx-1k-boost-seasonality-2-0-grey-carbon-gw6804 30 3 3.5 4 4.5 5 5.5 6 6.5 7 7.5 8 8.5 9 9.5 10 10.5 11 11.5 12 12.5 13 13.5 14 14.5 15 16 17 18 19 20 
1011B186-023 gt-2000-10-2e-wide-carrier-grey-1011b186-023 25 4 4.5 5 5.5 6 6.5 7 7.5 8 8.5 9 9.5 10 10.5 11 11.5 12 12.5 13 13.5 14 14.5 15 15.5 16 
166749C chuck-70-low-logo-play-cheetah-166749c 25 3 3.5 4 4.5 5 5.5 6 6.5 7 7.5 8 8.5 9 9.5 10 10.5 11 11.5 12 13 14 15 16 17 18 
DZ7584-110 zoom-pogo-plus-premium-sb-summit-white-dz7584-110 35 3 3.5 4 4.5 5 5.5 6 6.5 7 7.5 8 8.5 9 9.5 10 10.5 11 11.5 12 12.5 13 13.5 14 14.5 15 15.5 16 16.5 17 17.5 18 18.5 19 19.5 20 
DC9363-600 uno-x-zoom-freak-3-nrg-ep-50th-anniversary-red-dc9363-600 35 3 3.5 4 4.5 5 5.5 6 6.5 7 7.5 8 8.5 9 9.5 10 10.5 11 11.5 12 12.5 13 13.5 14 14.5 15 15.5 16 16.5 17 17.5 18 18.5 19 19.5 20 
VN0A5FCDZF5 elihah-berle-x-skate-half-cab-light-khaki-black-vn0a5fcdzf5 26 2.5 3 3.5 4 4.5 5 5.5 6 6.5 7 7.5 8 8.5 9 9.5 10 10.5 11 11.5 12 13 14 15 16 17 18 
FW3303 nippon-og-black-green-fw3303 30 3 3.5 4 4.5 5 5.5 6 6.5 7 7.5 8 8.5 9 9.5 10 10.5 11 11.5 12 12.5 13 13.5 14 14.5 15 16 17 18 19 20 
GW5327 the-road-altered-blue-gw5327 30 3 3.5 4 4.5 5 5.5 6 6.5 7 7.5 8 8.5 9 9.5 10 10.5 11 11.5 12 12.5 13 13.5 14 14.5 15 16 17 18 19 20 
828051-401 air-jordan-29-low-unc-828051-401 34 3.5 4 4.5 5 5.5 6 6.5 7 7.5 8 8.5 9 9.5 10 10.5 11 11.5 12 12.5 13 13.5 14 14.5 15 15.5 16 16.5 17 17.5 18 18.5 19 19.5 20 
GX0000 predator-edge-3-tf-white-hi-res-blue-gx0000 30 3 3.5 4 4.5 5 5.5 6 6.5 7 7.5 8 8.5 9 9.5 10 10.5 11 11.5 12 12.5 13 13.5 14 14.5 15 16 17 18 19 20 
VN0A4U391U9 era-chenille-check-vn0a4u391u9 26 2.5 3 3.5 4 4.5 5 5.5 6 6.5 7 7.5 8 8.5 9 9.5 10 10.5 11 11.5 12 13 14 15 16 17 18 
864348-019 zoom-blazer-low-sb-xt-black-864348-019 35 3 3.5 4 4.5 5 5.5 6 6.5 7 7.5 8 8.5 9 9.5 10 10.5 11 11.5 12 12.5 13 13.5 14 14.5 15 15.5 16 16.5 17 17.5 18 18.5 19 19.5 20 
136064-018 air-jordan-3-retro-joker-136064-018 34 3.5 4 4.5 5 5.5 6 6.5 7 7.5 8 8.5 9 9.5 10 10.5 11 11.5 12 12.5 13 13.5 14 14.5 15 15.5 16 16.5 17 17.5 18 18.5 19 19.5 20 
GW9984 predator-edge-1-ag-hi-res-blue-turbo-gw9984 30 3 3.5 4 4.5 5 5.5 6 6.5 7 7.5 8 8.5 9 9.5 10 10.5 11 11.5 12 12.5 13 13.5 14 14.5 15 16 17 18 19 20 
H68997 trae-young-1-ice-trae-h68997 30 3 3.5 4 4.5 5 5.5 6 6.5 7 7.5 8 8.5 9 9.5 10 10.5 11 11.5 12 12.5 13 13.5 14 14.5 15 16 17 18 19 20 
Q46447 4dfwd-reflective-xeno-q46447 30 3 3.5 4 4.5 5 5.5 6 6.5 7 7.5 8 8.5 9 9.5 10 10.5 11 11.5 12 12.5 13 13.5 14 14.5 15 16 17 18 19 20 
CJ5500-013 jordan-legacy-312-low-gs-black-teal-tint-cj5500-013 26 10.5 11 11.5 12 12.5 13 13.5 1 1.5 2 2.5 3 3.5 4 4.5 5 5.5 6 6.5 7 7.5 8 8.5 9 9.5 10 
ABAN079-20 way-of-wade-7-remix-pack-sunrise-aban079-20 33 2 2.5 3 3.5 4 4.5 5 5.5 6 6.5 7 7.5 8 8.5 9 9.5 10 10.5 11 11.5 12 12.5 13 13.5 14 14.5 15 15.5 16 16.5 17 17.5 18 
M998PSD 998-made-in-usa-coastal-pack-m998psd 34 3.5 4 4.5 5 5.5 6 6.5 7 7.5 8 8.5 9 9.5 10 10.5 11 11.5 12 12.5 13 13.5 14 14.5 15 15.5 16 16.5 17 17.5 18 18.5 19 19.5 20 
1012B045-701 wmns-gt-2000-10-smokey-rose-1012b045-701 20 5 5.5 6 6.5 7 7.5 8 8.5 9 9.5 10 10.5 11 11.5 12 12.5 13 13.5 14 14.5 
3022050-401 hovr-havoc-2-navy-lime-3022050-401 33 2 2.5 3 3.5 4 4.5 5 5.5 6 6.5 7 7.5 8 8.5 9 9.5 10 10.5 11 11.5 12 12.5 13 13.5 14 14.5 15 15.5 16 16.5 17 17.5 18 
EG6877 posterize-carbon-eg6877 30 3 3.5 4 4.5 5 5.5 6 6.5 7 7.5 8 8.5 9 9.5 10 10.5 11 11.5 12 12.5 13 13.5 14 14.5 15 16 17 18 19 20 
308497-008 air-jordan-4-retro-thunder-2012-release-308497-008 34 3.5 4 4.5 5 5.5 6 6.5 7 7.5 8 8.5 9 9.5 10 10.5 11 11.5 12 12.5 13 13.5 14 14.5 15 15.5 16 16.5 17 17.5 18 18.5 19 19.5 20 
BV0657-105 shane-sb-sail-boarder-blue-bv0657-105 35 3 3.5 4 4.5 5 5.5 6 6.5 7 7.5 8 8.5 9 9.5 10 10.5 11 11.5 12 12.5 13 13.5 14 14.5 15 15.5 16 16.5 17 17.5 18 18.5 19 19.5 20 
M990TO3 teddy-santis-x-990v3-made-in-usa-olive-m990to3 34 3.5 4 4.5 5 5.5 6 6.5 7 7.5 8 8.5 9 9.5 10 10.5 11 11.5 12 12.5 13 13.5 14 14.5 15 15.5 16 16.5 17 17.5 18 18.5 19 19.5 20 
ML725H 725v1-dark-olive-ml725h 34 3.5 4 4.5 5 5.5 6 6.5 7 7.5 8 8.5 9 9.5 10 10.5 11 11.5 12 12.5 13 13.5 14 14.5 15 15.5 16 16.5 17 17.5 18 18.5 19 19.5 20 
ML860XG 860v2-beige-green-ml860xg 34 3.5 4 4.5 5 5.5 6 6.5 7 7.5 8 8.5 9 9.5 10 10.5 11 11.5 12 12.5 13 13.5 14 14.5 15 15.5 16 16.5 17 17.5 18 18.5 19 19.5 20 
GX6888 futro-mixer-ecru-tint-gx6888 30 3 3.5 4 4.5 5 5.5 6 6.5 7 7.5 8 8.5 9 9.5 10 10.5 11 11.5 12 12.5 13 13.5 14 14.5 15 16 17 18 19 20 
FY1209 x9000l4-heat-rdy-screaming-orange-fy1209 30 3 3.5 4 4.5 5 5.5 6 6.5 7 7.5 8 8.5 9 9.5 10 10.5 11 11.5 12 12.5 13 13.5 14 14.5 15 16 17 18 19 20 
F36417 court-adapt-cloud-white-f36417 30 3 3.5 4 4.5 5 5.5 6 6.5 7 7.5 8 8.5 9 9.5 10 10.5 11 11.5 12 12.5 13 13.5 14 14.5 15 16 17 18 19 20 
1012B046-700 wmns-gel-kayano-28-wide-blazing-coral-mist-1012b046-700 20 5 5.5 6 6.5 7 7.5 8 8.5 9 9.5 10 10.5 11 11.5 12 12.5 13 13.5 14 14.5 
1012A664-020 wmns-gel-nimbus-22-platinum-grey-pure-silver-1012a664-020 20 5 5.5 6 6.5 7 7.5 8 8.5 9 9.5 10 10.5 11 11.5 12 12.5 13 13.5 14 14.5 
VN0A5KXN5O4 taka-hayashi-x-style-47-huarache-monks-robe-vn0a5kxn5o4 26 2.5 3 3.5 4 4.5 5 5.5 6 6.5 7 7.5 8 8.5 9 9.5 10 10.5 11 11.5 12 13 14 15 16 17 18 
VN0A3WKT4QV old-skool-pig-suede-olive-vn0a3wkt4qv 26 2.5 3 3.5 4 4.5 5 5.5 6 6.5 7 7.5 8 8.5 9 9.5 10 10.5 11 11.5 12 13 14 15 16 17 18 
158363C clot-x-thunderbolt-tex-mex-158363c 25 3 3.5 4 4.5 5 5.5 6 6.5 7 7.5 8 8.5 9 9.5 10 10.5 11 11.5 12 13 14 15 16 17 18 
GW2448 atmos-x-zx-8000-setsubun-gw2448 30 3 3.5 4 4.5 5 5.5 6 6.5 7 7.5 8 8.5 9 9.5 10 10.5 11 11.5 12 12.5 13 13.5 14 14.5 15 16 17 18 19 20 
B42227 zx-500-rm-core-black-b42227 30 3 3.5 4 4.5 5 5.5 6 6.5 7 7.5 8 8.5 9 9.5 10 10.5 11 11.5 12 12.5 13 13.5 14 14.5 15 16 17 18 19 20 
VN0A4BV6TRO the-nightmare-before-christmas-x-sk8-hi-sally-s-potion-vn0a4bv6tro 26 2.5 3 3.5 4 4.5 5 5.5 6 6.5 7 7.5 8 8.5 9 9.5 10 10.5 11 11.5 12 13 14 15 16 17 18 
VN0A38GEULR sk8-hi-hairy-suede-sunflower-vn0a38geulr 26 2.5 3 3.5 4 4.5 5 5.5 6 6.5 7 7.5 8 8.5 9 9.5 10 10.5 11 11.5 12 13 14 15 16 17 18 
344613-061 air-jordan-1-retro-high-344613-061 34 3.5 4 4.5 5 5.5 6 6.5 7 7.5 8 8.5 9 9.5 10 10.5 11 11.5 12 12.5 13 13.5 14 14.5 15 15.5 16 16.5 17 17.5 18 18.5 19 19.5 20 
487471-021 air-jordan-14-retro-desert-sand-487471-021 34 3.5 4 4.5 5 5.5 6 6.5 7 7.5 8 8.5 9 9.5 10 10.5 11 11.5 12 12.5 13 13.5 14 14.5 15 15.5 16 16.5 17 17.5 18 18.5 19 19.5 20 
130690-061 air-jordan-12-og-130690-061 34 3.5 4 4.5 5 5.5 6 6.5 7 7.5 8 8.5 9 9.5 10 10.5 11 11.5 12 12.5 13 13.5 14 14.5 15 15.5 16 16.5 17 17.5 18 18.5 19 19.5 20 
IF3899 adifom-climacool-lucid-blue-black-if3899 8 7 8 9 10 11 12 13 14 
AQ4919 pharell-x-adidas-elastic-slip-on-pink-beach-pack-aq4919 30 3 3.5 4 4.5 5 5.5 6 6.5 7 7.5 8 8.5 9 9.5 10 10.5 11 11.5 12 12.5 13 13.5 14 14.5 15 16 17 18 19 20 
AA1256-102 air-jordan-32-low-wing-it-aa1256-102 34 3.5 4 4.5 5 5.5 6 6.5 7 7.5 8 8.5 9 9.5 10 10.5 11 11.5 12 12.5 13 13.5 14 14.5 15 15.5 16 16.5 17 17.5 18 18.5 19 19.5 20 
IF3901 adifom-climacool-crystal-white-if3901 8 7 8 9 10 11 12 13 14 
GY2647 forum-low-white-true-orange-gy2647 30 3 3.5 4 4.5 5 5.5 6 6.5 7 7.5 8 8.5 9 9.5 10 10.5 11 11.5 12 12.5 13 13.5 14 14.5 15 16 17 18 19 20 
554725-009 air-jordan-1-retro-mid-gs-554725-009 26 10.5 11 11.5 12 12.5 13 13.5 1 1.5 2 2.5 3 3.5 4 4.5 5 5.5 6 6.5 7 7.5 8 8.5 9 9.5 10 
BQ8928-004 epic-react-flyknit-2-pure-platinum-erfk-2-pp 35 3 3.5 4 4.5 5 5.5 6 6.5 7 7.5 8 8.5 9 9.5 10 10.5 11 11.5 12 12.5 13 13.5 14 14.5 15 15.5 16 16.5 17 17.5 18 18.5 19 19.5 20 
CJ6320-017 mercurial-vapor-13-elite-tech-craft-fg-black-pro-gold-cj6320-017 35 3 3.5 4 4.5 5 5.5 6 6.5 7 7.5 8 8.5 9 9.5 10 10.5 11 11.5 12 12.5 13 13.5 14 14.5 15 15.5 16 16.5 17 17.5 18 18.5 19 19.5 20 
390424-08 super-team-og-black-white-gum-390424-08 25 4 4.5 5 5.5 6 6.5 7 7.5 8 8.5 9 9.5 10 10.5 11 11.5 12 12.5 13 13.5 14 14.5 15 15.5 16 
IE9396 y-3-runner-4dfwd-black-off-white-ie9396 30 3 3.5 4 4.5 5 5.5 6 6.5 7 7.5 8 8.5 9 9.5 10 10.5 11 11.5 12 12.5 13 13.5 14 14.5 15 16 17 18 19 20 
GW8640 y-3-gr-1p-white-black-gw8640 30 3 3.5 4 4.5 5 5.5 6 6.5 7 7.5 8 8.5 9 9.5 10 10.5 11 11.5 12 12.5 13 13.5 14 14.5 15 16 17 18 19 20 
CZ0175-003 air-zoom-gt-cut-black-fusion-red-cz0175-003 35 3 3.5 4 4.5 5 5.5 6 6.5 7 7.5 8 8.5 9 9.5 10 10.5 11 11.5 12 12.5 13 13.5 14 14.5 15 15.5 16 16.5 17 17.5 18 18.5 19 19.5 20 
FU6686 yeezy-boost-700-v2-infant-vanta-fu6686 17 1 2 2.5 3 4 5 5.5 6 6.5 7 7.5 8 8.5 9 9.5 10 10.5 
DV1763-031 jordan-series-05-dear-future-dv1763-031 34 3.5 4 4.5 5 5.5 6 6.5 7 7.5 8 8.5 9 9.5 10 10.5 11 11.5 12 12.5 13 13.5 14 14.5 15 15.5 16 16.5 17 17.5 18 18.5 19 19.5 20 
CJ6951-600 spongebob-squarepants-x-kyrie-5-patrick-cj9651-600 35 3 3.5 4 4.5 5 5.5 6 6.5 7 7.5 8 8.5 9 9.5 10 10.5 11 11.5 12 12.5 13 13.5 14 14.5 15 15.5 16 16.5 17 17.5 18 18.5 19 19.5 20 
1012B156-960 wmns-gel-kayano-28-celebration-of-sport-pack-1012b156-960 20 5 5.5 6 6.5 7 7.5 8 8.5 9 9.5 10 10.5 11 11.5 12 12.5 13 13.5 14 14.5 
VN0A54F69YG style-36-classic-sport-dress-blues-vn0a54f69yg 26 2.5 3 3.5 4 4.5 5 5.5 6 6.5 7 7.5 8 8.5 9 9.5 10 10.5 11 11.5 12 13 14 15 16 17 18 
564910C wmns-chuck-taylor-all-star-starware-high-gradient-glitter-564910c 25 5 5.5 6 6.5 7 7.5 8 8.5 9 9.5 10 10.5 11 11.5 12 12.5 13 13.5 14 15 16 17 18 19 20 
528896-012 air-jordan-11-retro-low-bg-bred-528896-012 26 10.5 11 11.5 12 12.5 13 13.5 1 1.5 2 2.5 3 3.5 4 4.5 5 5.5 6 6.5 7 7.5 8 8.5 9 9.5 10 
HQ8706 campus-00s-pulse-mint-black-hq8706 30 3 3.5 4 4.5 5 5.5 6 6.5 7 7.5 8 8.5 9 9.5 10 10.5 11 11.5 12 12.5 13 13.5 14 14.5 15 16 17 18 19 20 
BB550NCB 550-white-summer-fog-bb550ncb 34 3.5 4 4.5 5 5.5 6 6.5 7 7.5 8 8.5 9 9.5 10 10.5 11 11.5 12 12.5 13 13.5 14 14.5 15 15.5 16 16.5 17 17.5 18 18.5 19 19.5 20 
FW8822 wmns-supernova-black-signal-pink-fw8822 24 4 4.5 5 5.5 6 6.5 7 7.5 8 8.5 9 9.5 10 10.5 11 11.5 12 12.5 13 13.5 14 14.5 15 15.5 
304775-003 air-jordan-7-retro-bordeaux-2011-release-304775-003 34 3.5 4 4.5 5 5.5 6 6.5 7 7.5 8 8.5 9 9.5 10 10.5 11 11.5 12 12.5 13 13.5 14 14.5 15 15.5 16 16.5 17 17.5 18 18.5 19 19.5 20 
CZ1856-005 wildhorse-7-light-bone-cobblestone-cz1856-005 35 3 3.5 4 4.5 5 5.5 6 6.5 7 7.5 8 8.5 9 9.5 10 10.5 11 11.5 12 12.5 13 13.5 14 14.5 15 15.5 16 16.5 17 17.5 18 18.5 19 19.5 20 
FW7093 x90004d-core-black-fw7093 30 3 3.5 4 4.5 5 5.5 6 6.5 7 7.5 8 8.5 9 9.5 10 10.5 11 11.5 12 12.5 13 13.5 14 14.5 15 16 17 18 19 20 
HR0632 wmns-crazyflight-team-navy-camo-hr0632 24 4 4.5 5 5.5 6 6.5 7 7.5 8 8.5 9 9.5 10 10.5 11 11.5 12 12.5 13 13.5 14 14.5 15 15.5 
GZ8959 forum-84-low-cream-white-collegiate-green-gz8959 30 3 3.5 4 4.5 5 5.5 6 6.5 7 7.5 8 8.5 9 9.5 10 10.5 11 11.5 12 12.5 13 13.5 14 14.5 15 16 17 18 19 20 
BY4392 tubular-shadow-triple-black-by4392 30 3 3.5 4 4.5 5 5.5 6 6.5 7 7.5 8 8.5 9 9.5 10 10.5 11 11.5 12 12.5 13 13.5 14 14.5 15 16 17 18 19 20 
1011B458-750 novablast-3-safety-yellow-black-1011b458-750 25 4 4.5 5 5.5 6 6.5 7 7.5 8 8.5 9 9.5 10 10.5 11 11.5 12 12.5 13 13.5 14 14.5 15 15.5 16 
1012B016-101 wmns-gel-nimbus-23-earth-day-1012b016-101 20 5 5.5 6 6.5 7 7.5 8 8.5 9 9.5 10 10.5 11 11.5 12 12.5 13 13.5 14 14.5 
ABAR071-3 speed-8-premium-raptors-abar071-3 33 2 2.5 3 3.5 4 4.5 5 5.5 6 6.5 7 7.5 8 8.5 9 9.5 10 10.5 11 11.5 12 12.5 13 13.5 14 14.5 15 15.5 16 16.5 17 17.5 18 
VN0A5HUW50C taka-hayashi-x-epoch-racer-lx-black-vn0a5huw50c 26 2.5 3 3.5 4 4.5 5 5.5 6 6.5 7 7.5 8 8.5 9 9.5 10 10.5 11 11.5 12 13 14 15 16 17 18 
VN0A4U13XC8 og-sid-lx-checkerboard-black-vn0a4u13xc8 26 2.5 3 3.5 4 4.5 5 5.5 6 6.5 7 7.5 8 8.5 9 9.5 10 10.5 11 11.5 12 13 14 15 16 17 18 
VN000UDFF8L og-classic-slip-on-canvas-vn000udff8l 26 2.5 3 3.5 4 4.5 5 5.5 6 6.5 7 7.5 8 8.5 9 9.5 10 10.5 11 11.5 12 13 14 15 16 17 18 
